,mean,sd
0,-1.5609851,0.98378515
1,-1.7682358,0.9747131
2,-3.3385384,0.5958232
3,-1.2282991,1.4502199
4,-2.4683654,0.5074983
5,-1.7700473,1.3266336
6,-2.8556352,0.78424734
7,-1.4746907,0.8104358
8,-2.8053198,0.4900726
9,-0.5618656,0.88843775
10,-2.6620646,0.39344534
11,-2.0720098,0.39702103
12,-2.5128932,0.41287827
13,-3.0834343,0.4818285
14,-2.3189285,0.39930725
15,-1.9748616,1.089948
16,-2.4180064,0.4957154
17,-2.3277538,0.47128502
18,-2.2737682,0.39161205
19,-2.2545261,0.43128756
20,-1.8357402,1.2915255
21,-1.7193615,0.8143365
22,-2.692038,0.43652725
23,-1.423901,0.79676193
24,-1.1913103,0.70273876
25,-1.1631188,0.5921764
26,-0.98719615,1.1053195
27,-0.8592883,0.7072695
28,-2.2083852,1.0359142
29,-1.870012,0.85690784
30,-1.7231826,2.0954971
31,-1.4030011,0.86683315
32,-2.5634336,0.45913672
33,-2.2755752,0.88462317
34,-1.8130721,0.8284793
35,-2.5204089,0.43955928
36,-1.8304048,0.9846421
37,-2.657787,0.44227153
38,-0.60581553,0.9017445
39,-2.089892,0.8501988
40,-2.441922,0.9444655
41,-2.4437318,0.5006734
42,-2.1540134,0.44404975
43,-2.8033645,0.46510854
44,-1.6536151,0.82744926
45,-1.0352874,0.9385334
46,-2.5778146,0.5149506
47,-2.489772,0.6089473
48,-2.3165498,0.85665905
49,-2.5637884,0.5352946
50,-3.024265,0.51437587
51,-0.74557084,0.7100278
52,-2.3768516,0.39801303
53,-1.9806186,0.81115514
54,-1.4274167,0.7684312
55,-1.2743057,0.93743914
56,-2.5052772,0.38829565
57,-1.6071472,0.8280694
58,-1.7419229,0.8713124
59,-2.7565677,0.44186044
60,-1.2252891,0.7775407
61,-1.0241157,0.91802025
62,-1.9870874,0.4170295
63,-1.6015795,0.7846629
64,-2.0060399,0.4729409
65,-1.9593246,0.9661563
66,-2.2179644,1.1696353
67,-0.8379206,0.81168723
68,-1.5007733,1.1807535
69,-2.0984223,0.8136461
70,-2.1899996,0.99448687
71,-2.4385765,0.4373044
72,-1.5934188,1.0752634
73,-1.830538,1.0618882
74,-2.2073324,0.43113202
75,-1.6059974,0.82563347
76,-2.3500857,0.42583618
77,-1.7508895,0.7059954
78,-1.9414988,1.0126162
79,-2.3529158,0.4424708
80,-2.4523644,0.4285212
81,-2.6993372,0.46947286
82,-3.1736178,0.49803725
83,-2.3909686,0.46504536
84,-3.2841418,0.6246412
85,-2.3290017,0.49430183
86,-2.0734236,0.7336074
87,-2.6160967,0.45538583
88,-2.1352227,1.0734524
89,-2.229948,0.41745767
90,-3.084873,0.49831808
91,-2.6217043,0.9279734
92,-2.4902837,0.44305927
93,-2.4917803,0.9150424
94,-2.2328718,1.0402976
95,-1.3350148,0.79283625
96,-3.1460464,0.50160664
97,-2.898549,1.8070904
98,-3.0209115,0.56665325
99,-2.8712587,0.4772466
100,-0.48728806,0.78732973
101,-1.6949835,0.7137784
102,-0.657056,0.89530545
103,-0.8215768,0.73223746
104,-2.4637368,1.2847687
105,-2.5858417,0.5094379
106,-1.3741902,0.82904565
107,-1.7381587,0.797554
108,-2.5704086,0.40146545
109,-1.2098118,0.9680753
110,-2.6502666,0.46647522
111,-2.603409,0.4346005
112,-1.4568974,0.80509275
113,-1.5397235,0.8754526
114,-2.082856,0.824213
115,-2.7230113,0.5697928
116,-1.1025414,1.1922494
117,-1.323501,0.82165664
118,-1.8993793,0.838699
119,-1.8718655,1.0412737
120,-3.1252897,0.5047814
121,-2.167399,0.8681077
122,-2.9070044,0.48347348
123,-2.2173133,0.40529755
124,-2.9667006,0.43112308
125,-2.5297377,0.44464135
126,-1.9693485,1.6271545
127,-2.4637148,0.40841758
128,-2.8128943,0.49317318
129,-2.4727373,0.4651131
130,-3.2596304,0.54534096
131,-2.214228,0.87488383
132,-3.994047,0.63475037
133,-1.9770676,0.39126128
134,-2.632301,0.4505303
135,-2.050025,0.8512603
136,-1.7590735,0.90710515
137,-3.0474563,0.51474905
138,-1.3857349,0.95590156
139,-1.861547,1.2358571
140,-2.2596343,0.8570977
141,-1.8890079,1.0842203
142,-1.5639701,0.720677
143,-1.4988555,0.8139973
144,-2.1726213,0.99661666
145,-2.5550592,0.40486428
146,-1.9831288,1.11273
147,-0.73672456,0.734446
148,-2.3424268,0.46453813
149,-2.9692438,0.5298064
150,-2.237785,0.40287748
151,-1.4787961,0.81620747
152,-3.1549082,0.46504095
153,-1.797481,0.96461886
154,-2.320362,0.4528527
155,-2.411109,1.1078979
156,-3.3956,0.54219306
157,-2.0174968,1.0112132
158,-0.93819964,1.0272559
159,-2.4446797,0.5358688
160,-2.9012103,0.615649
161,-1.6268013,0.90923697
162,-2.6998887,0.4705177
163,-2.7339547,0.46031603
164,-1.2266293,0.96678615
165,-2.5602424,0.45564166
166,-2.373733,0.41005832
167,-2.1743994,0.3300823
168,-2.2488368,0.45859
169,-1.212427,0.7448872
170,-1.8312056,0.9300451
171,-1.8967638,0.68553233
172,-2.408004,0.5305464
173,-3.1770356,0.6661015
174,-1.5776867,0.7852376
175,-2.8185716,0.4961929
176,-1.5647203,0.29883194
177,-2.2381089,0.76130587
178,-1.6571273,0.92044955
179,-1.4426961,0.880295
180,-1.3649554,0.83152467
181,-2.3617616,0.8298076
182,-2.208677,0.71898806
183,-2.4661853,0.4772164
184,-2.7014065,0.5792649
185,-1.6730757,0.868011
186,-0.75078094,0.67962533
187,-1.1847887,1.084123
188,-2.7870705,0.49528173
189,-1.396715,0.8148264
190,-2.8291526,1.0213332
191,-1.2371211,0.9387962
192,-1.5745848,0.7608942
193,-2.612089,0.46411863
194,-1.5295485,0.71563244
195,-2.3387177,0.48966497
196,-1.9697883,0.79466987
197,-2.7472658,0.48998573
198,-0.96258825,0.8210734
199,-1.964541,0.9467457
200,-2.9862533,0.50127316
201,-1.0566025,0.8058053
202,-2.6094942,0.42695397
203,-2.1232727,0.8206862
204,-2.1223972,0.96388495
205,-1.5072545,0.7447879
206,-1.7504674,0.7754711
207,-2.3502219,0.43469912
208,-2.1781363,1.0250757
209,-1.4877198,0.8186688
210,-1.0791394,0.7865193
211,-1.5808227,0.5800417
212,-2.7284646,0.99686444
213,-1.9137632,0.44207823
214,-2.937006,0.56187254
215,-2.451309,0.46149024
216,-1.3617318,0.74130124
217,-2.1758792,0.43312666
218,-1.9150063,0.75145394
219,-2.7373078,0.42545354
220,-1.0308815,0.7536126
221,-2.309573,0.3831498
222,-1.7248918,0.91350436
223,-0.82263184,1.0396615
224,-2.4870036,0.42842937
225,-1.472967,0.86511594
226,-1.4653822,1.0740249
227,-1.3572061,1.0555342
228,-3.0682352,0.5510712
229,-2.5526578,0.42264402
230,-2.081649,0.78743345
231,-3.248366,0.59949344
232,-2.1872246,0.47676677
233,-1.7579075,0.9381334
234,-1.6985216,0.74224937
235,-2.6436048,0.57165015
236,-1.5107342,0.89205253
237,-1.860991,0.88068223
238,-2.005126,0.87876284
239,-2.3265295,0.9751932
240,-1.6290432,0.7019279
241,-1.7972374,1.0310771
242,-2.678199,0.58688617
243,-1.6683478,1.0095397
244,-2.2649534,0.46769145
245,-1.171978,0.99809134
246,-2.538139,1.3875667
247,-1.3350018,0.74689746
248,-2.0270796,0.8749142
249,-2.2701151,0.9108441
250,-2.1953657,0.8180799
251,-2.03295,0.8880542
252,-2.218448,0.73088264
253,-2.712602,1.6995125
254,-3.2910776,0.5378628
255,-1.4282154,1.0110358
256,-3.3025086,0.5343589
257,-2.252757,0.4425413
258,-2.1314797,0.39297426
259,-2.332399,0.48840654
260,-2.9365222,1.3552738
261,-2.7810557,0.38918722
262,-2.0647902,1.0071557
263,-1.0760306,0.82217336
264,-2.0521832,0.7921684
265,-1.8955344,0.55535203
266,-1.0929474,0.9770472
267,-2.488395,0.4300503
268,-0.8113286,0.7594054
269,-2.67008,0.46617422
270,-2.5467155,0.4294941
271,-2.8725379,0.51175904
272,-0.99034464,0.7844941
273,-1.289321,1.3961463
274,-1.3621767,0.72669435
275,-1.6761028,0.66798663
276,-2.3224735,0.53953785
277,-2.7252457,0.5414029
278,-0.9805372,0.98662466
279,-1.8831254,0.4451562
280,-2.6018882,0.4814451
281,-1.0214535,0.9247717
282,-2.9785938,0.46993232
283,-1.1367323,0.8165159
284,-2.2951896,0.52997893
285,-1.8502073,0.8164351
286,-1.0033971,0.75217986
287,-2.467645,0.49802575
288,-1.1573123,0.7716198
289,-0.82251966,0.80305016
290,-2.5934522,0.56167907
291,-2.770411,0.5891629
292,-2.4351215,0.49224666
293,-2.0324867,0.7179845
294,-1.1965554,0.68570894
295,-2.1523414,0.85365516
296,-2.4493208,0.45312384
297,-1.4106169,0.806174
298,-1.1191877,0.9632316
299,-2.923,0.50793916
300,-1.6295477,0.8709484
301,-2.8283374,0.42876214
302,-2.2404957,0.49952778
303,-2.2721865,0.8363352
304,-2.6077738,0.652373
305,-2.2611094,0.42119467
306,-0.94719297,0.9223619
307,-0.77654475,0.74364096
308,-2.0053701,1.0555452
309,-1.513007,1.542743
310,-2.9066584,0.58145505
311,-2.1071763,4.8543305
312,-1.1445721,0.7961277
313,-2.4720287,0.38425145
314,-2.6485703,0.4992917
315,-2.5084105,0.4347872
316,-1.4798152,0.74370015
317,-1.7877218,0.8890611
318,-3.963335,0.6677565
319,-1.5209302,0.7930255
320,-1.0099617,0.8210254
321,-2.1671097,0.68811995
322,-2.7958918,0.9573827
323,-2.1764727,0.4332408
324,-1.3696827,0.7908531
325,-2.005958,0.80983484
326,-1.3750622,0.98020744
327,-3.0591223,0.5258863
328,-1.1788113,0.8082523
329,-2.4950767,0.55285406
330,-1.297203,0.90212226
331,-2.6422405,0.48198146
332,-1.6656357,0.692483
333,-1.6796986,0.7621193
334,-1.7296004,0.9767263
335,-2.3472517,0.4746291
336,-1.861118,0.857416
337,-1.4435257,1.0080808
338,-2.6777766,0.461539
339,-2.5174236,0.43388772
340,-1.9662611,0.84471565
341,-2.7922547,0.615138
342,-2.2812488,0.8606681
343,-1.9682634,0.9880685
344,-3.057091,0.47039267
345,-2.1118512,0.53444475
346,-2.467193,0.8808192
347,-0.6253005,0.7921267
348,-2.1167376,0.41673523
349,-1.3708152,0.81098306
350,-2.3318906,0.39269486
351,-1.8201336,0.7527987
352,-2.1993952,1.268681
353,-2.7499816,0.5544905
354,-1.7680557,0.4558292
355,-1.919203,0.9355594
356,-2.173564,0.45839205
357,-1.3124896,0.7716081
358,-2.6286247,0.42124045
359,-1.5640044,0.9092424
360,-1.4871248,0.85413015
361,-0.415823,0.6435859
362,-2.2538931,0.46204504
363,-1.9626164,0.32955983
364,-1.994896,0.9565704
365,-1.5400803,1.0076237
366,-2.2691092,1.4596899
367,-1.8779339,0.9422516
368,-1.7872096,0.94483113
369,-1.0314764,0.8848646
370,-0.75645113,0.7980369
371,-1.590795,0.6897766
372,-1.2627132,0.8944776
373,-1.8116035,0.7893768
374,-1.7535064,0.9032512
375,-1.1602798,0.7553532
376,-2.0749595,0.8643126
377,-3.2508886,0.7246145
378,-1.338623,0.9501273
379,-2.1579506,0.8838385
380,-2.7945101,0.9173981
381,-0.99923974,0.79744256
382,-3.1269486,0.48341072
383,-1.1642624,1.0367523
384,-2.6013274,0.9527643
385,-1.5586729,1.3037865
386,-2.2902315,0.8276982
387,-2.2797887,0.41560277
388,-3.2296927,0.60221475
389,-1.9967989,0.41213226
390,-2.0168824,0.9039815
391,-2.9137151,0.42621577
392,-2.3689353,0.7652208
393,-1.6617644,1.0221043
394,-2.3432858,0.43058273
395,-1.8115106,0.77792406
396,-2.581907,0.4785165
397,-1.2314646,0.7916016
398,-1.1281048,0.71951383
399,-3.1769657,0.51497823
400,-2.011323,0.65119594
401,-0.90062493,0.8876302
402,-1.7418246,0.72552085
403,-1.702771,0.6806879
404,-2.92275,0.49729756
405,-2.3077018,0.43744224
406,-2.1080527,0.9020568
407,-2.640866,0.5038476
408,-1.9000899,0.8675466
409,-2.5684516,0.44675717
410,-2.1888318,0.5078822
411,-1.3639798,0.8440997
412,-3.094884,0.49826434
413,-2.6602597,0.4827344
414,-2.1236107,0.8567042
415,-1.2393138,0.78699255
416,-2.2732587,0.7076176
417,-2.6329713,0.48882034
418,-2.464837,0.57987
419,-0.68712026,0.84785295
420,-1.5453748,0.90233725
421,-1.3812386,0.78910637
422,-2.330887,0.82423383
423,-1.8192871,0.9680222
424,-2.093873,0.47448158
425,-2.4163978,0.44299898
426,-2.8130145,0.46601456
427,-0.4105899,0.8503829
428,-2.2376876,0.8172578
429,-2.491946,0.7124615
430,-2.0701137,0.37513587
431,-1.3276945,0.76915324
432,-2.6161644,0.5079094
433,-3.0206516,0.42711663
434,-2.1447594,0.9679169
435,-2.7663746,0.44930512
436,-2.6723757,0.5016558
437,-2.1477222,0.7489293
438,-2.6618404,0.42215338
439,-2.0076644,0.8038972
440,-2.4073267,0.49172768
441,-1.7070731,0.776566
442,-2.291457,0.83143353
443,-2.8556335,0.46485215
444,-1.0871966,0.7360755
445,-2.1638594,0.9090266
446,-2.9130313,0.5158806
447,-3.2959337,0.533197
448,-2.6876395,0.4428966
449,-0.6880057,0.6977168
450,-1.6731573,0.9344859
451,-0.9545564,0.6470935
452,-2.1064935,1.1182574
453,-2.7070749,0.41325536
454,-1.8105332,0.7671431
455,-2.7202222,0.59935087
456,-2.8130295,0.5036547
457,-2.0922327,1.006731
458,-2.7232277,0.5123754
459,-1.8070107,0.736331
460,-2.0942209,0.39845124
461,-2.3709514,0.91966146
462,-1.436347,1.0091516
463,-1.7325547,0.8396159
464,-1.3491371,1.089498
465,-1.7530571,1.1524525
466,-2.2729113,0.7810187
467,-2.0241227,0.83509743
468,-2.8878913,0.5273832
469,-1.291603,0.72581315
470,-2.3738358,0.880385
471,-1.9286162,0.90084183
472,-1.5450953,1.0409385
473,-2.1518214,0.88682383
474,-2.619039,0.5859778
475,-1.8318,0.944805
476,-2.1631222,0.40890005
477,-1.0195225,0.7138234
478,-1.9720149,0.85231525
479,-1.1944522,1.052612
480,-1.6281079,0.87415934
481,-2.8460457,0.46764702
482,-2.9994845,0.7093751
483,-1.8253914,0.8862329
484,-1.9850389,1.008392
485,-2.1088257,0.9410412
486,-0.63961846,1.05903
487,-0.8892279,0.80363107
488,-1.696992,1.046552
489,-1.2607222,0.926077
490,-2.9234486,0.5435006
491,-1.5250258,0.9216578
492,-2.1533997,0.85453445
493,-2.56341,1.0184683
494,-1.1479886,0.26047638
495,-2.5392406,0.48201856
496,-1.4368615,0.8358826
497,-2.0206099,0.9179782
498,-2.1625795,0.82694983
499,-1.884629,0.86814976
500,-1.4136335,0.7676776
501,-2.7806637,0.4426479
502,-0.537168,0.7869172
503,-2.213261,0.46910834
504,-1.2207084,0.7407558
505,-1.5512996,0.8008051
506,-2.0042565,0.82845014
507,-2.8711176,0.43465352
508,-2.6723127,0.42616406
509,-1.3592755,0.8604359
510,-1.4118397,0.84650564
511,-2.5457428,0.5352719
512,-2.795279,0.5495818
513,-2.3166685,0.68174684
514,-0.58776826,0.6355135
515,-2.230661,0.9806202
516,-2.0708284,0.71067345
517,-2.5635974,0.46015945
518,-1.2567155,0.854863
519,-3.1374743,0.4877644
520,-1.1036209,0.9539582
521,-1.0749563,0.7900766
522,-2.134217,0.3783927
523,-1.7956247,0.76461524
524,-3.033389,0.46071053
525,-2.6743968,0.91098225
526,-1.8177258,0.88236946
527,-2.929087,1.2480901
528,-2.0466537,0.37485406
529,-1.2709826,0.8657291
530,-0.627026,0.89723176
531,-0.901359,0.70122755
532,-0.98865104,0.79239327
533,-1.3393587,0.7310064
534,-2.2727132,0.80706006
535,-1.1459025,0.8445755
536,-3.685196,0.6239343
537,-1.773021,0.7100178
538,-2.234864,0.39983153
539,-2.1724644,1.1546148
540,-1.2303252,0.89683527
541,-2.8293567,0.54627126
542,-2.2864997,0.7647648
543,-2.2389872,0.8318069
544,-2.1677256,0.8999941
545,-1.2210369,0.8009262
546,-2.4542224,0.41438323
547,-2.343966,0.46216756
548,-1.3112339,0.706379
549,-1.5507421,0.91024274
550,-2.1165476,0.927979
551,-1.1009364,0.84987444
552,-3.520778,0.6484782
553,-2.91776,0.5332406
554,-2.668666,0.46336892
555,-1.861131,0.80998844
556,-2.5075908,0.45000866
557,-2.2794847,0.40157622
558,-2.7556887,0.72525114
559,-1.0396141,0.9270095
560,-2.1723065,0.3234407
561,-0.2637364,0.4569782
562,-2.2019863,0.77079105
563,-2.0586364,1.3068066
564,-2.7254353,0.4064281
565,-1.2497604,0.9656802
566,-1.4427617,0.932457
567,-2.8077135,0.41233823
568,-2.0326493,0.35840225
569,-0.84426826,0.9073878
570,-2.5388446,0.37601843
571,-1.5672053,0.80293846
572,-2.6375468,0.48069587
573,-3.571479,0.86424524
574,-1.1093552,0.7166467
575,-2.1588395,0.7936251
576,-2.4396899,0.48086643
577,-0.8890748,0.8603372
578,-2.6737473,0.8883051
579,-2.2390146,0.49459726
580,-2.5202713,0.6026249
581,-0.67965156,1.0353063
582,-2.3946378,0.3973781
583,-0.8063106,0.8384904
584,-2.48779,0.45597267
585,-1.7574699,1.1296109
586,-2.5381858,0.82608634
587,-2.246026,1.0918026
588,-2.6640966,0.8919188
589,-0.9128021,0.8784817
590,-0.8396127,0.78552836
591,-2.8911407,0.46649405
592,-2.0370126,0.45299217
593,-0.69032884,0.8064982
594,-2.8833785,0.48738617
595,-1.6111641,0.7682691
596,-3.3316052,0.54694396
597,-1.2239894,1.0843159
598,-2.6897767,0.46423343
599,-2.304777,0.4187498
600,-1.6380562,0.7131165
601,-1.8819056,0.8512948
602,-2.1191964,0.38355052
603,-2.265661,0.48218578
604,-2.774021,0.5014055
605,-1.1227438,0.9767913
606,-2.9155972,0.89092207
607,-1.1276846,0.803678
608,-2.364417,1.0294544
609,-1.6421311,0.8225293
610,-2.7767289,0.43294042
611,-2.0624402,0.97761303
612,-1.5932548,0.95083445
613,-1.2881709,0.8023703
614,-3.0876083,0.47003883
615,-3.1143866,0.8287699
616,-1.742437,0.8353615
617,-2.260076,0.44904676
618,-1.4161018,0.8350036
619,-1.4465207,0.9651595
620,-1.1647944,0.89212054
621,-2.5648382,0.45404306
622,-2.5040162,0.5609988
623,-2.791651,0.5183306
624,-0.71729666,0.7544591
625,-1.9635291,0.4155492
626,-2.2707314,0.42203104
627,-1.7018881,1.0143787
628,-1.0382369,0.8021482
629,-3.2007813,0.45492086
630,-3.0126638,0.55040944
631,-1.1741443,0.77198106
632,-2.7086604,0.3888148
633,-1.0205506,0.8010276
634,-2.7440794,0.58999753
635,-1.1230004,1.1933976
636,-1.6956061,0.83023065
637,-1.9211038,0.43412468
638,-1.9715927,0.44770664
639,-1.664638,0.73358923
640,-2.0725842,1.2609363
641,-2.1923373,0.68439114
642,-2.8302412,0.42806047
643,-2.6034186,1.0069802
644,-3.0764182,1.1162585
645,-0.9017201,0.70720226
646,-1.1704918,0.8976796
647,-2.407303,0.5113959
648,-2.4183445,0.4177115
649,-1.841387,1.0478987
650,-2.2975957,1.0098435
651,-1.321528,0.8606368
652,-1.2680367,0.89814144
653,-0.8300891,0.693971
654,-1.937213,1.0705115
655,-1.423772,1.1201136
656,-2.675707,0.4727662
657,-2.6234229,0.7755873
658,-1.2715747,1.2897046
659,-3.0958,0.585954
660,-2.185398,0.8390603
661,-2.5319316,0.45355842
662,-2.1338606,0.82599205
663,-1.1070668,0.8177835
664,-1.5308449,0.8812156
665,-2.8277917,0.5036479
666,-1.5702726,0.9980234
667,-1.4235487,1.0084
668,-3.3017843,1.4941705
669,-2.6932755,0.47235963
670,-2.1734552,0.44454664
671,-1.7758311,0.8104773
672,-0.9936655,0.804721
673,-2.0622022,0.4451634
674,-3.1442268,0.6141153
675,-2.0474622,0.6773633
676,-2.7182992,0.47619542
677,-1.4077138,0.7649388
678,-2.8221345,0.53990895
679,-3.0302873,1.0420474
680,-2.2046323,0.7515251
681,-3.4976826,0.8994696
682,-1.2497321,1.0010651
683,-1.77928,0.8926505
684,-1.4204113,0.8411427
685,-2.9175494,0.5305078
686,-1.8637407,0.89585686
687,-3.5289767,0.54132897
688,-2.7832205,0.5026199
689,-3.0842957,0.5398292
690,-1.4312468,0.8052513
691,-3.9558744,0.6383656
692,-4.2386165,0.73754776
693,-1.8333145,0.8640112
694,-1.1445389,0.83864194
695,-1.7461761,0.7996519
696,-1.747959,1.0458623
697,-0.79117334,0.8133671
698,-2.9684668,0.43796974
699,-2.2416885,0.37753826
700,-1.9816196,0.7563244
701,-1.1882026,0.9494373
702,-3.1737647,0.54770887
703,-2.2243977,0.47729215
704,-1.8637881,0.87338006
705,-2.892386,0.463574
706,-2.0512338,0.7722253
707,-1.7814335,0.82297236
708,-0.83447325,0.7143115
709,-1.6430304,0.81828904
710,-1.0710162,0.7906548
711,-2.5167458,0.43627992
712,-0.6921315,0.7390768
713,-2.6880734,0.4416791
714,-1.3475442,0.9962669
715,-0.9867817,0.792661
716,-1.7440019,0.77771676
717,-2.7504745,0.4138471
718,-2.6148396,0.46626744
719,-2.9042063,0.5551944
720,-2.2285242,0.57329607
721,-1.7175992,0.84462684
722,-1.4625767,0.91984725
723,-1.7637078,0.9289672
724,-1.9431052,0.8537077
725,-2.3261375,0.4429385
726,-2.307872,0.42284802
727,-1.4551523,0.90714234
728,-1.7358433,0.84302
729,-2.01574,1.4593519
730,-1.6644434,0.7079092
731,-1.6562817,0.7907626
732,-2.3627076,0.53809136
733,-2.26242,0.8759049
734,-2.7835417,0.517326
735,-2.3648179,0.39418358
736,-1.8830582,0.8928153
737,-3.2266629,1.0116404
738,-0.78063685,1.0524135
739,-1.5137091,0.82950103
740,-2.0729194,0.99736243
741,-1.1968633,0.7274883
742,-1.7259451,0.94497234
743,-1.178835,0.8657834
744,-2.4186225,0.74623096
745,-3.8642254,1.0816779
746,-2.3178225,0.40929535
747,-1.3048625,0.98907316
748,-2.9287248,0.47774
749,-2.1250582,1.0947477
750,-1.1551824,0.76445436
751,-2.1274428,0.40437084
752,-1.6506984,0.77338654
753,-2.2381704,0.7541991
754,-1.306529,0.9010905
755,-2.039743,0.78798324
756,-1.8225157,0.9160751
757,-2.8280044,0.55961305
758,-2.571844,0.40475762
759,-1.0054562,0.7188016
760,-1.2619258,1.3355997
761,-2.125713,0.9291611
762,-2.0323691,0.7041006
763,-2.4024642,0.92212546
764,-2.6650877,0.53398514
765,-1.5753475,0.82041466
766,-2.2014778,0.8992302
767,-1.3392564,0.7715048
768,-1.873793,0.91115856
769,-1.0617945,0.81991726
770,-3.2433708,1.7684034
771,-2.688746,0.5444594
772,-2.340135,0.49587905
773,-2.8087168,0.54284704
774,-2.3069813,0.97257817
775,-1.5493057,0.7505921
776,-2.801377,0.43387535
777,-3.1270123,0.5949888
778,-1.9968865,0.8442788
779,-2.3543482,0.4909884
780,-2.679928,0.50484437
781,-2.4617212,0.42808175
782,-1.5968738,0.7617916
783,-1.8403453,0.42757213
784,-1.0182426,0.84787893
785,-1.4823474,0.80594933
786,-2.6121347,0.4592636
787,-1.0038457,0.7755174
788,-1.3657732,1.1087043
789,-1.9781858,0.83432734
790,-2.093244,0.7746514
791,-1.5295739,0.8490213
792,-2.1308358,0.36584726
793,-2.6198633,0.50359035
794,-2.566266,0.4627909
795,-2.9817774,0.48574355
796,-2.6370955,0.4557865
797,-2.4381902,0.6069812
798,-2.2894948,0.4611303
799,-0.8069303,0.8767572
800,-3.1101303,0.46951753
801,-2.9935813,0.47697857
802,-1.9857291,0.94097215
803,-2.5189989,0.4236581
804,-1.0737617,0.79511356
805,-2.493754,0.532789
806,-2.1521838,0.7330844
807,-1.6845789,0.8254712
808,-2.32583,1.483065
809,-1.2570945,0.8168046
810,-2.819568,0.4471808
811,-2.612029,0.5246004
812,-2.679587,0.43843555
813,-3.1755512,0.5359157
814,-2.2191749,0.8631371
815,-2.8787582,0.48546922
816,-1.2888131,0.9964776
817,-2.933706,0.5340432
818,-2.648081,0.46341524
819,-2.5620148,0.42212254
820,-2.0311005,0.8737094
821,-1.4027246,1.0060788
822,-1.2419595,0.72892463
823,-2.5225508,0.40501818
824,-1.0719776,0.7266361
825,-2.7496204,0.52924746
826,-2.7512903,0.48300993
827,-1.5948775,0.8385931
828,-2.6541145,0.46128276
829,-2.8991523,0.41100717
830,-2.3337471,0.5660842
831,-3.8916874,0.60910845
832,-2.951896,0.53302866
833,-1.5726218,0.8495879
834,-1.9563028,0.7726337
835,-2.5996149,0.91301924
836,-1.8900741,0.9262113
837,-2.7934403,0.52455944
838,-2.3426232,0.45881587
839,-2.4169054,0.47352463
840,-2.965746,0.46603164
841,-2.5863504,0.47933507
842,-1.7015648,0.78162736
843,-0.9828293,1.0551503
844,-1.3111289,0.8585797
845,-1.4005361,0.8425622
846,-3.116708,0.49142623
847,-1.6067784,0.71985453
848,-2.6616824,0.39870384
849,-2.3170745,0.4287316
850,-2.1870987,0.92184705
851,-0.8158575,0.82877517
852,-3.1213763,0.506434
853,-2.2607205,0.39479187
854,-1.1387064,0.8209405
855,-2.7470057,0.43788254
856,-1.3770897,0.84361935
857,-1.7767864,0.8559486
858,-1.5039582,0.7248474
859,-2.3011105,0.9341817
860,-2.1492267,0.3891428
861,-1.6301284,0.7166711
862,-2.4509866,0.43206808
863,-2.0447962,0.44064477
864,-2.010321,0.45223418
865,-2.9277422,0.5314386
866,-1.7412392,1.0969353
867,-1.5645262,0.8562119
868,-1.2670704,1.0082862
869,-2.4392197,0.44903407
870,-2.0033813,0.79854995
871,-1.6096971,0.86896205
872,-2.09174,1.5377119
873,-3.026336,1.0357639
874,-1.326591,0.8217545
875,-1.273707,0.8944749
876,-2.1097555,0.41511905
877,-2.8608954,0.4942114
878,-2.7659967,0.4342254
879,-2.2492707,1.4499258
880,-1.8620611,0.88626766
881,-1.076746,0.8041333
882,-1.8632367,0.86075664
883,-1.6508998,0.7840184
884,-2.2126985,0.44559035
885,-0.61881506,0.5649244
886,-1.4121295,1.06214
887,-2.1504672,1.0618378
888,-2.0943358,0.39160126
889,-1.2714112,0.78695387
890,-1.3918549,0.7937562
891,-2.3730483,0.39246535
892,-1.2903776,0.8240069
893,-2.2596846,0.37226436
894,-0.8547098,0.8287617
895,-2.6782572,0.4699821
896,-2.1193388,0.7691221
897,-1.861713,0.9164433
898,-1.748684,1.2173817
899,-1.073048,0.72581017
900,-2.378338,0.3801785
901,-1.9837587,1.2749193
902,-1.7787019,0.65955764
903,-2.5133796,0.48705462
904,-1.2225738,1.304347
905,-2.226241,0.8367839
906,-1.9964964,0.90843827
907,-2.679783,0.538472
908,-2.8156023,0.5105483
909,-2.2304149,1.1792884
910,-1.7946451,0.8515148
911,-2.4862564,0.51978886
912,-2.8063967,0.41353044
913,-1.4706845,0.84246343
914,-2.434741,0.8844824
915,-1.9087214,1.32247
916,-2.1516938,0.78471494
917,-2.7494617,0.45569202
918,-1.2336013,0.8472749
919,-1.7128302,0.9018562
920,-1.7469869,0.788329
921,-2.78417,0.5154481
922,-1.8164146,0.94496673
923,-3.0648532,0.99984586
924,0.33458033,3.716902
925,-2.0433433,1.1456863
926,-2.778825,2.06315
927,-2.1386042,0.40437043
928,-1.5041181,0.7417237
929,-1.5588588,0.7831719
930,-2.3769512,0.5218487
931,-2.808648,0.48200348
932,-1.8348992,0.44097847
933,-2.7044034,0.44026604
934,-1.2051492,0.75138384
935,-1.7128136,0.8508342
936,-3.1643634,0.5627797
937,-1.9511571,0.8405809
938,-2.6814346,0.44932166
939,-1.0759234,0.7907395
940,-1.400143,0.9387912
941,-2.0088854,0.7260656
942,-1.7643236,1.0628034
943,-1.3167685,0.7441955
944,-2.5985851,0.41656348
945,-2.8020205,0.41888386
946,-1.5622998,0.8023118
947,-2.0611055,0.36414734
948,-2.479753,0.47073302
949,-1.5152549,1.1022308
950,-1.6208675,0.707615
951,-1.6488156,0.84646577
952,-2.0148234,1.0700778
953,-1.5456401,1.0456752
954,-2.0307102,0.86368173
955,-1.977949,0.41412744
956,-2.6761255,0.42972043
957,-2.4919336,0.8480114
958,-2.18196,0.40626147
959,-2.5227785,0.4441263
960,-1.146962,0.8294125
961,-1.7044333,0.851387
962,-1.8894409,0.8976242
963,-3.0250306,0.5096874
964,-1.43498,1.2105564
965,-1.6903529,0.7610399
966,-2.3541436,0.41183457
967,-1.5379585,0.753975
968,-2.2957,1.3983047
969,-2.8039863,0.48958027
970,-2.776781,0.5022106
971,-2.7549741,0.508092
972,-2.6190302,0.41486079
973,-2.5968559,0.36781797
974,-0.9939769,0.9488256
975,-1.0408125,0.6497982
976,-1.841199,0.9086089
977,-1.8980228,0.3656222
978,-3.3936357,0.5649122
979,-2.380463,0.69542104
980,-1.4913914,0.7471191
981,-1.5165513,0.70701265
982,-1.9843901,0.9337556
983,-2.508945,0.47895455
984,-2.797358,1.1825597
985,-1.6051412,0.92030346
986,-1.7564232,0.8079587
987,-2.8352349,0.5081278
988,-1.6823566,0.94216096
989,-2.8435981,0.44652274
990,-1.694348,0.8302095
991,-0.882454,0.83781457
992,-1.6219707,0.85504395
993,-2.4332821,0.40775245
994,-1.2693237,0.9392885
995,-1.6330445,0.91084707
996,-2.4860106,0.4950308
997,-1.6513228,0.34517556
998,-2.5368867,0.6093859
999,-0.8971138,0.86929905
1000,-2.682059,0.5700826
1001,-2.6183462,0.880245
1002,-2.871831,0.5425058
1003,-0.625404,0.8989066
1004,-1.7468382,0.88861656
1005,-1.5166905,0.8713604
1006,-1.4556917,1.2385118
1007,-1.7965785,0.78641933
1008,-1.8770959,0.8706602
1009,-2.824733,0.52858573
1010,-2.148835,0.47141284
1011,-2.6320777,0.46608618
1012,-2.6048813,0.4591484
1013,-0.99742186,1.1733279
1014,-1.6695223,0.84055763
1015,-0.8581641,0.92364806
1016,-1.6424425,0.8357844
1017,-1.8878244,0.87081707
1018,-2.0234318,1.1701356
1019,-2.0910757,0.9888693
1020,-1.7347797,0.40842158
1021,-1.6848459,0.94067013
1022,-3.1649342,0.60421824
1023,-2.189727,0.43557122
1024,-2.7788918,0.46155742
1025,-2.5597286,0.70373774
1026,-2.1185064,0.42504722
1027,-1.8639454,0.9549729
1028,-2.4081438,0.39141363
1029,-1.2849289,0.73197967
1030,-1.4151497,0.77606523
1031,-1.6300874,0.79783547
1032,-2.5375834,1.0685568
1033,-1.5051192,0.99879247
1034,-2.1293516,0.8772274
1035,-2.264635,0.50508106
1036,-3.3119497,0.54117763
1037,-3.364783,0.56003916
1038,-1.3242875,0.7682048
1039,-0.8959496,0.81377745
1040,-2.8902214,1.0162497
1041,-2.5724487,0.5332422
1042,-2.6417801,0.3781231
1043,-3.1536689,0.4950884
1044,-2.220416,0.4191226
1045,-2.2380362,0.465978
1046,-1.5253975,0.8778136
1047,-2.4623928,0.42779174
1048,-1.3205448,0.6676003
1049,-1.054145,0.7897519
1050,-2.3455212,0.39027873
1051,-1.658637,0.82306135
1052,-1.4428756,1.0098689
1053,-0.90483457,0.6694875
1054,-1.3514204,0.9698695
1055,-2.2667625,0.38380063
1056,-2.776326,0.4597348
1057,-1.5260566,0.86421007
1058,-1.2237716,0.84262156
1059,-2.7127945,0.4263353
1060,-1.7768592,0.8268713
1061,-2.292791,0.5053514
1062,-2.9087698,0.4802041
1063,-1.7868687,0.9066577
1064,-2.2573957,0.6352761
1065,-2.581735,0.43497273
1066,-0.9424659,0.72265816
1067,-2.4153647,1.1025435
1068,-2.491029,0.398674
1069,-2.463013,0.39164305
1070,-1.8948238,0.3671916
1071,-1.244069,0.8246681
1072,-3.0031931,0.45802358
1073,-0.25837567,0.7591522
1074,-1.8231331,0.8657047
1075,-2.633083,0.48043406
1076,-1.9308252,0.91822207
1077,-1.3133823,1.0068743
1078,-2.8766537,0.5102232
1079,-2.1805303,0.5089901
1080,-0.9513419,0.7312068
1081,-3.2132943,0.48899588
1082,-3.1152825,0.43383145
1083,-1.509529,0.7385021
1084,-3.0472653,0.45560178
1085,-1.2386334,0.8916764
1086,-1.0705315,0.71462744
1087,-1.8436028,1.1502068
1088,-3.5460365,1.0599415
1089,-2.4892275,0.5034522
1090,-2.0309684,0.7002328
1091,-1.838715,0.7145366
1092,-0.92384523,0.8603744
1093,-1.7943302,0.6438322
1094,-1.4020545,0.77638066
1095,-2.3338554,0.39699525
1096,-2.453282,0.4548719
1097,-1.9799854,0.39133054
1098,-2.560628,0.58505684
1099,-0.85955137,1.0545769
1100,-0.91367334,0.8751093
1101,-1.7665042,0.72013694
1102,-1.238856,0.93945795
1103,-2.4595547,0.44426662
1104,-2.0717683,0.8490613
1105,-2.8274853,0.95572895
1106,-1.5491271,0.7079407
1107,-1.5697986,0.82838583
1108,-1.9087356,0.8558275
1109,-2.5265207,0.4412239
1110,-2.8686259,0.5003004
1111,-2.209188,1.0652101
1112,-3.0864305,0.5150809
1113,-1.4244386,0.86567056
1114,-2.5249627,0.5001322
1115,-2.266235,0.47794908
1116,-0.7545684,0.7630699
1117,-1.0970341,0.81898034
1118,-2.449313,0.47091874
1119,-1.0320048,0.94151044
1120,-3.1837714,0.8908777
1121,-1.3362472,0.7593058
1122,-1.7131293,0.8490023
1123,-1.4097296,0.8319697
1124,-2.2968352,0.5012891
1125,-1.7913808,0.70065874
1126,-1.0481775,0.7402388
1127,-1.8058116,0.85024977
1128,-0.97168404,1.1185249
1129,-1.5424979,0.7513038
1130,-2.7247574,0.74259204
1131,-2.8816874,0.49674493
1132,-1.3179325,1.0153084
1133,-2.629523,0.49237025
1134,-2.543787,0.44355568
1135,-0.99735284,0.73294425
1136,-0.12001974,0.9246877
1137,-2.6425555,0.45037147
1138,-2.022469,0.86355835
1139,-0.9383074,0.86040217
1140,-2.9801757,0.44326442
1141,-1.9493561,0.93048435
1142,-2.3005912,1.240708
1143,-2.0019767,0.90709084
1144,-2.3781445,0.9734401
1145,-3.060805,1.2111624
1146,-2.5089087,0.539677
1147,-1.2544715,0.68150103
1148,-3.2488215,0.609642
1149,-3.1149917,0.4705623
1150,-1.9593297,0.35370666
1151,-1.7588123,0.73890543
1152,-2.754604,0.43711504
1153,-1.6284556,0.87221867
1154,-1.1107991,1.0715045
1155,-2.9736114,0.7450027
1156,-1.2597268,0.7934604
1157,-3.8133476,0.6251071
1158,-2.357979,0.42781597
1159,-2.153299,1.1175556
1160,-2.578172,0.5142368
1161,-2.524239,0.48513398
1162,-0.6379853,0.8287897
1163,-2.0198016,0.80888915
1164,-1.1789238,0.8450241
1165,-2.1060722,1.092465
1166,-3.5947864,0.7723944
1167,-2.222862,0.6737627
1168,-1.569656,0.80230194
1169,-3.1282258,0.58677506
1170,-1.624592,0.79088306
1171,-2.6106298,0.43830743
1172,-0.539236,0.9751122
1173,-3.1833978,0.49182943
1174,-1.094889,0.70541966
1175,-2.2670598,1.0184442
1176,-2.2114923,0.87371
1177,-1.9319347,0.90493023
1178,-1.1166925,1.2931473
1179,-1.2518549,0.91222155
1180,-2.6964507,0.47911775
1181,-2.486335,0.9745922
1182,-1.907958,0.74556464
1183,-1.069933,0.6850609
1184,-2.016136,0.9978156
1185,-1.9377536,0.90147185
1186,-2.8098752,0.48133755
1187,-2.301131,0.4796604
1188,-2.3950388,0.92857397
1189,-1.4608526,0.7612564
1190,-2.6568713,0.52311164
1191,-1.7706888,0.73848903
1192,-1.8202347,0.8723747
1193,-1.6458337,1.3808619
1194,-1.7228143,1.2268846
1195,-2.0394127,0.763048
1196,-1.7495968,0.852278
1197,-2.8671777,0.54489964
1198,-1.0172036,0.76094466
1199,-1.6481224,0.7882264
1200,-1.992464,0.8114304
1201,-1.7265166,1.1087536
1202,-1.9446423,0.31393299
1203,-1.2650007,0.867161
1204,-1.9454535,0.7826618
1205,-1.5951804,0.94360113
1206,-2.4269838,0.4622847
1207,-1.1131685,0.5650517
1208,-2.3283699,0.4781635
1209,-2.2166288,0.46156198
1210,-2.002335,0.8051307
1211,-3.271471,0.5507123
1212,-2.8368008,0.98607683
1213,-3.3798687,1.302832
1214,-2.4610689,0.5027989
1215,-1.0373789,0.6762439
1216,-2.4367847,0.36831987
1217,-2.7269406,0.5037247
1218,-2.8143647,0.6227853
1219,-2.8927894,0.43747523
1220,-1.2605503,0.94267917
1221,-2.6514437,0.49024096
1222,-2.0657206,0.34907615
1223,-1.5014701,0.8262502
1224,-2.088444,0.8237052
1225,-2.859685,0.55976516
1226,-2.550484,1.5203171
1227,-1.4334326,0.97204703
1228,-1.3372008,0.8927716
1229,-2.1858554,0.7815943
1230,-2.7338462,0.45393044
1231,-0.62002754,0.77970123
1232,-2.6786106,0.46316847
1233,-2.2943156,0.40543783
1234,-2.9043887,0.4419776
1235,-0.7109127,0.88355994
1236,-2.7364314,0.45172784
1237,-1.5713487,0.59165734
1238,-1.3275669,0.905811
1239,-1.71227,0.74664336
1240,-1.1551183,0.94293463
1241,-3.2321284,0.58339524
1242,-1.3417935,0.7895958
1243,-2.4010205,0.4449994
1244,-2.0471904,0.45381868
1245,-2.6690238,0.4664159
1246,-1.5601153,0.7400013
1247,-2.923571,0.6372344
1248,-1.0676572,0.8807775
1249,-1.6911305,0.66836476
1250,-2.8397555,0.48698312
1251,-2.2597964,0.40198427
1252,-2.7001264,0.4923495
1253,-0.5269495,0.9017324
1254,-2.7360969,0.43878368
1255,-2.429879,0.4526204
1256,-1.391517,0.89180136
1257,-2.795468,0.6193903
1258,-3.0968876,0.5077909
1259,-2.6183867,0.47106564
1260,-1.8532987,0.81176156
1261,-2.5297606,0.5346529
1262,-0.3865125,0.71541727
1263,-2.5346239,0.5183604
1264,-1.7076341,0.7374712
1265,-2.519978,0.39210105
1266,-3.3033636,0.5352245
1267,-1.1005073,0.76692116
1268,-2.0630183,0.85132945
1269,-2.2458625,0.41054147
1270,-1.3352373,0.91841245
1271,-2.5799322,0.40401658
1272,-2.7547016,0.42709115
1273,-2.668728,0.65535563
1274,-0.92295134,0.7416266
1275,-2.6309726,0.4536788
1276,-2.2936468,0.6872866
1277,-2.2034266,1.070936
1278,-1.1580615,0.83935297
1279,-0.952143,0.71689063
1280,-1.9955994,0.9238404
1281,-2.128075,0.565796
1282,-1.721555,1.0066466
1283,-1.6423689,0.9572613
1284,-2.2335653,0.8808142
1285,-2.8317087,1.0764096
1286,-3.2728355,0.48513895
1287,-3.1263669,1.0625687
1288,-2.7047913,0.57988113
1289,-2.5998986,0.9760404
1290,-2.1557417,1.0354995
1291,-2.0637395,0.8745471
1292,-1.6401172,0.8241931
1293,-2.6402106,0.4702939
1294,-1.8639894,0.79159015
1295,-2.7202842,0.50310737
1296,-3.0383804,1.1769136
1297,-1.4055138,1.1534444
1298,-2.420577,0.49479747
1299,-3.1437435,0.6124948
1300,-2.1237116,0.88588065
1301,-3.104781,0.50241673
1302,-2.2284102,0.45361376
1303,-3.22153,0.43693537
1304,-2.8782244,0.46997315
1305,-1.8848187,0.94555044
1306,-2.825122,0.50700825
1307,-2.1890113,0.8036632
1308,-2.65316,0.47414157
1309,-2.2022862,0.9943411
1310,-2.3661487,0.4824214
1311,-2.6399708,0.61745155
1312,-2.6628985,0.39848083
1313,-2.7159917,0.5265116
1314,-2.4941738,1.326095
1315,-1.4668279,0.7435078
1316,-0.8821913,0.844818
1317,-2.198951,0.9015861
1318,-2.8085663,0.6143899
1319,-2.3977873,0.40059313
1320,-2.9381726,0.4312108
1321,-1.9084908,0.72487164
1322,-2.5116613,0.47040895
1323,-2.1882327,0.45763174
1324,-2.871615,0.47733015
1325,-1.741224,0.88257945
1326,-2.6836388,0.52570975
1327,-1.6387438,1.0633032
1328,-2.569365,0.48958036
1329,-2.320067,0.43607292
1330,-2.9872205,0.5250256
1331,-1.6440123,0.6834528
1332,-1.954033,1.0859791
1333,-2.461546,0.4519406
1334,-2.5540268,0.5827479
1335,-1.6167102,1.2569004
1336,-2.3636277,0.45755598
1337,-2.1244059,1.1408402
1338,-2.1475966,0.5743293
1339,-1.8590999,0.73934317
1340,-2.8496315,0.45940003
1341,-1.7315054,0.8536209
1342,-1.2549237,0.97845936
1343,-0.4175275,0.9961624
1344,-2.319793,0.47553185
1345,-2.154605,0.4527347
1346,-2.169483,0.8369981
1347,-1.2971056,0.71292025
1348,-1.9645534,0.8946906
1349,-3.2978578,0.46667948
1350,-2.3628376,0.98843974
1351,-1.7763902,0.5927708
1352,-2.1130917,0.46820143
1353,-1.5324225,0.9035089
1354,-1.0660164,0.7972109
1355,-1.9190292,0.40750644
1356,-1.0722744,0.8700413
1357,-2.975613,0.4532942
1358,-2.459668,0.40486044
1359,-2.109151,0.35155234
1360,-1.8752424,0.42764643
1361,-2.526848,0.7790723
1362,-2.2912903,0.89896053
1363,-2.3997605,0.47650012
1364,-2.1563609,0.54437566
1365,-1.2869564,0.9051253
1366,-2.2758462,0.39074022
1367,-1.1496673,0.84224975
1368,-1.441313,0.7837082
1369,-1.6692576,0.85251784
1370,-2.0312688,0.7928394
1371,-3.335224,0.56091124
1372,-1.7986896,0.7759574
1373,-1.6353636,0.9913001
1374,-3.1511974,0.54713416
1375,-2.0159113,0.41748425
1376,-1.1274595,1.0092585
1377,-2.3857899,0.95900977
1378,-1.1069124,0.8997016
1379,-2.815026,0.55928725
1380,-2.319801,0.5625875
1381,-1.8818696,0.9813346
1382,-2.6925368,0.4547071
1383,-4.116024,0.7547873
1384,-2.1648462,0.51953745
1385,-1.6757199,0.77052027
1386,-1.482137,0.981232
1387,-2.4513183,0.45143175
1388,-1.5644258,0.653318
1389,-3.3224761,0.5437543
1390,-2.0079544,0.766731
1391,-2.2376857,0.4217559
1392,-2.0084238,0.7278094
1393,-2.1879041,0.799675
1394,-2.4039786,0.4366794
1395,-2.137409,0.4030756
1396,-1.3201977,0.82891953
1397,-2.975589,0.48129463
1398,-2.4174964,0.7347571
1399,-2.25271,0.40392956
1400,-1.6858364,0.8765135
1401,-2.7080555,0.44765666
1402,-1.4309196,0.679573
1403,-1.0990496,0.9345889
1404,-3.1888535,0.51762134
1405,-1.7889016,0.68378687
1406,-1.9333191,0.7810407
1407,-1.4667872,0.8839386
1408,-2.2056532,0.43598506
1409,-1.9839128,0.77438414
1410,-1.4971304,0.89821815
1411,-2.2834115,0.9271804
1412,-2.5564272,0.9772672
1413,-1.8427986,0.8123934
1414,-2.3486395,0.42411458
1415,-1.1195673,0.89123684
1416,-2.9873822,0.4941043
1417,-1.7234054,0.7458798
1418,-3.0252554,0.6218612
1419,-2.595746,0.46088007
1420,-2.0737758,0.7464044
1421,-1.6213683,0.74631536
1422,-3.3499734,0.7618987
1423,-0.9451435,0.9115094
1424,-2.0843525,0.7296566
1425,-2.4013078,0.48548475
1426,-2.3008776,0.8102436
1427,-2.5236654,0.4171341
1428,-1.7396767,1.0263686
1429,-1.4673294,0.81001925
1430,-2.0952682,1.1820548
1431,-2.8395884,0.63708615
1432,-1.4518671,0.93950725
1433,-1.5385045,0.6759637
1434,-1.9197485,0.87443894
1435,-2.462863,0.44788733
1436,-0.73024833,0.84310734
1437,-2.3679943,0.3872231
1438,-2.9961765,0.5196018
1439,-1.7439253,0.40907872
1440,-1.9576159,0.71988964
1441,-0.8918667,0.7034429
1442,-2.9854856,0.49499655
1443,-3.077775,0.60456395
1444,-2.2327044,0.49039352
1445,-1.2037896,0.7920694
1446,-1.2076402,0.72042966
1447,-1.5946864,0.9806328
1448,-1.9129479,0.89039415
1449,-2.6221447,1.0429288
1450,-1.5626696,0.751712
1451,-1.8189043,0.91712505
1452,-2.2817554,0.85488474
1453,-0.60232943,0.80182827
1454,-2.2268767,0.8774684
1455,-1.1429714,0.73761976
1456,-1.6443957,1.1406636
1457,-1.7665582,0.71644557
1458,-2.2746363,0.5548905
1459,-2.1464834,0.8595055
1460,-2.928045,1.1279044
1461,-2.9184906,1.0629513
1462,-2.089626,0.9092523
1463,-2.1321392,0.7089995
1464,-1.3829883,0.83722425
1465,-1.6022016,0.90519
1466,-2.1808386,0.5340279
1467,-1.1803917,0.9744434
1468,-1.9430263,0.5041797
1469,-0.9945319,0.7712623
1470,-2.2831564,0.7426563
1471,-2.1342585,0.9748405
1472,-3.0900507,0.54972214
1473,-2.1262398,0.7906107
1474,-1.2278,0.82680506
1475,-2.2092543,0.5175676
1476,-1.4842868,1.0008943
1477,-1.569662,0.7826277
1478,-1.851728,0.69391495
1479,-1.9137998,0.7265566
1480,-1.1004128,0.82387567
1481,-2.8339734,0.64016306
1482,-1.7337996,1.1199803
1483,-3.4823902,0.5233843
1484,-2.1544213,0.47864252
1485,-3.028991,0.56349385
1486,-1.7871242,0.91411257
1487,-2.7842257,0.5415446
1488,-2.3817635,0.42796126
1489,-1.4771264,0.66332763
1490,-2.534813,0.42009062
1491,-1.1055793,0.8287403
1492,-2.1246116,0.4788518
1493,-1.9414849,0.837896
1494,-2.0366285,0.8780314
1495,-2.0686295,0.85351396
1496,-2.2676225,0.87354755
1497,-1.8498089,1.0978987
1498,-2.253465,0.44421795
1499,-3.7324173,0.62439007
1500,-2.5044928,0.34208372
1501,-1.4232774,0.69624954
1502,-1.8337779,1.1042504
1503,-2.0036674,0.8822469
1504,-1.7276924,0.7378919
1505,-0.40264878,0.761713
1506,-2.3396153,0.4028105
1507,-1.6454387,1.0323029
1508,-2.4881616,0.4094859
1509,-1.1547649,0.99494183
1510,-2.1533084,0.34855914
1511,-1.53639,0.80461866
1512,-1.7305481,0.8413494
1513,-3.0655823,0.46134058
1514,-2.522798,0.44007182
1515,-2.6676483,0.43350592
1516,-1.646355,0.78785044
1517,-1.2722845,0.78505117
1518,-1.1552536,1.0087931
1519,-1.8120184,1.3016288
1520,-2.6894147,0.5791952
1521,-1.7829654,0.80843884
1522,-1.5514299,0.82709813
1523,-1.596943,0.82132554
1524,-2.8841937,1.1129556
1525,-2.1836112,0.4613543
1526,-1.8997155,0.732832
1527,-2.2336571,1.1282444
1528,-2.4414375,0.3363567
1529,-2.3837492,0.5708828
1530,-0.73847723,0.8808428
1531,-1.3187776,0.92159104
1532,-1.9099182,1.2983339
1533,-1.4113885,0.6064409
1534,-1.7559447,0.37242803
1535,-1.2291799,0.76884437
1536,-2.991782,0.4961895
1537,-2.7421286,0.50469005
1538,-1.2400182,1.1586007
1539,-2.1914048,0.3635094
1540,-1.9141667,0.9851561
1541,-2.340183,0.9258586
1542,-1.6387631,0.9508538
1543,-2.9828806,0.58247775
1544,-2.0634189,0.59356433
1545,-2.5959406,0.4522844
1546,-2.206391,0.6912446
1547,-3.155563,0.5817033
1548,-2.7814867,0.55251265
1549,-3.175992,0.62353694
1550,-2.6023986,0.37804082
1551,-2.8087277,1.0922267
1552,-2.434164,0.9053607
1553,-2.5271533,0.75796556
1554,-2.9500527,0.53112054
1555,-3.1227703,0.4918655
1556,-1.9049069,0.8434498
1557,-2.730794,0.41417056
1558,-2.9837294,0.4601484
1559,-2.476718,1.0227628
1560,-1.4113305,0.78158545
1561,-2.0649192,0.44120964
1562,-2.54524,0.3991232
1563,-1.9266814,1.1498992
1564,-2.1460927,0.5480206
1565,-2.6261587,0.4403613
1566,-3.0690114,1.1688414
1567,-1.8831286,0.42084262
1568,-1.084483,0.8425135
1569,-1.9662299,0.83682084
1570,-1.9428371,0.93622756
1571,-2.8522723,1.2691306
1572,-1.5131527,0.8476577
1573,-3.1059418,0.9799693
1574,-0.84323347,1.06176
1575,-2.8914945,0.5033567
1576,-2.4838872,0.43122783
1577,-2.5300996,0.5017108
1578,-1.3986199,0.751667
1579,-1.2497988,0.85745656
1580,-2.2690208,0.40301216
1581,-0.6931118,0.7100514
1582,-2.7901685,0.68944573
1583,-2.6078546,1.0961075
1584,-2.3975449,0.43667218
1585,-1.7390678,1.1477829
1586,-0.8454106,3.043813
1587,-3.260603,1.0456232
1588,-1.4353648,0.67308545
1589,-1.8592105,0.87728345
1590,-1.9550393,0.7569188
1591,-1.3345172,0.8719043
1592,-2.123019,1.2715945
1593,-2.8954918,0.48495075
1594,-1.6102347,0.8367568
1595,-2.4359825,0.40223935
1596,-2.6181464,0.44258678
1597,-2.0153315,0.8337258
1598,-1.5447335,1.0350783
1599,-2.6774163,0.96921396
1600,-2.2261934,0.42889506
1601,-2.126393,0.8248361
1602,-2.2926824,0.44124392
1603,-3.1705325,0.4199901
1604,-2.5283568,0.46659228
1605,-1.3081489,0.8319343
1606,-2.6036081,0.56981564
1607,-1.3396826,0.7599836
1608,-2.7285156,0.457791
1609,-2.7203171,0.40238822
1610,-1.4919626,0.83587116
1611,-1.4557099,0.869787
1612,-1.6735247,0.75299865
1613,-2.4025278,0.4370105
1614,-2.772717,0.552175
1615,-2.7325048,0.4833697
1616,-3.044818,0.48404995
1617,-1.9654895,0.35667965
1618,-1.2742587,0.8849674
1619,-2.7463846,0.5550349
1620,-1.802847,0.69909805
1621,-2.1562867,0.3969348
1622,-2.9606128,0.48206773
1623,-2.2348065,0.7068981
1624,-1.2568979,0.6384475
1625,-3.2176383,0.47808272
1626,-2.1219807,0.3926449
1627,-2.8859754,0.5263986
1628,-1.440113,0.93038946
1629,-1.7563002,0.7960297
1630,-2.127712,0.42429549
1631,-2.0980244,1.1892531
1632,-1.9757953,1.3459225
1633,-1.7307323,0.97975665
1634,-2.0763776,0.4069909
1635,-2.9108965,0.47993457
1636,-0.7099562,0.8057446
1637,-2.9912438,0.5420399
1638,-1.2419271,0.88206166
1639,-2.6172051,0.4756296
1640,-2.3126347,0.45117438
1641,-1.6663264,0.7806366
1642,-1.1930909,0.70568866
1643,-2.0147524,0.87002397
1644,-0.44170737,0.86344075
1645,-1.5687628,0.9065999
1646,-2.86439,0.5427706
1647,-2.6672382,0.47301114
1648,-1.924037,0.46246013
1649,-1.2264321,0.7803057
1650,-1.3534291,0.82259935
1651,-2.7166827,1.1925764
1652,-2.793355,0.5451908
1653,-2.8225522,0.59549385
1654,-2.0440264,0.3681535
1655,-2.443069,0.47584122
1656,-0.707989,0.9989371
1657,-2.6400006,0.3675957
1658,-2.683248,0.44381294
1659,-1.7438736,1.0514814
1660,-2.2833984,0.4532634
1661,-2.2376096,1.2011596
1662,-1.7225571,0.7536317
1663,-2.640273,0.4721157
1664,-1.175419,0.80303746
1665,-2.2302477,0.43800807
1666,-1.1321912,0.8857024
1667,-2.0633733,0.7148362
1668,-3.1256254,0.4705369
1669,-2.4032333,0.49305353
1670,-2.2297187,0.8365976
1671,-1.787038,0.7207086
1672,-1.4460351,1.1305459
1673,-1.3304307,0.8804263
1674,-3.0225646,0.54567516
1675,-2.4648137,0.5813468
1676,-2.5985737,0.5382391
1677,-3.5385342,0.55762243
1678,-1.1114774,0.7961394
1679,-2.2370734,0.39800197
1680,-2.3376284,0.40575022
1681,-1.8278024,0.6983873
1682,-2.5016327,1.0998979
1683,-3.525785,0.5496119
1684,-2.490455,0.68608946
1685,-0.7751334,0.8616754
1686,-1.9404309,1.3923548
1687,-3.5713723,1.0066069
1688,-2.8055267,0.47448155
1689,-2.3182282,0.46930224
1690,-2.5754004,0.89312
1691,-2.288787,0.387864
1692,-1.8128831,0.82752186
1693,-1.3432574,0.7864232
1694,-1.8727471,1.0308138
1695,-1.6691469,0.85354954
1696,-2.5889907,0.3842038
1697,-1.9999787,1.0850997
1698,-1.1937485,0.8620371
1699,-0.9082527,0.9397034
1700,-2.2251863,0.7355004
1701,-2.3702927,0.98958457
1702,-1.4558899,0.9585444
1703,-2.1730967,0.9784027
1704,-2.0509193,0.4684855
1705,-2.2729871,1.1083273
1706,-2.5742521,0.99719894
1707,-1.2180552,0.8963735
1708,-3.1482515,0.70876646
1709,-2.2431824,0.5160603
1710,-2.2844644,0.80669063
1711,-1.8985183,0.84259874
1712,-2.5301902,0.488219
1713,-2.8799844,0.5089715
1714,-1.9238403,0.99808085
1715,-2.5572457,0.44379872
1716,-2.291345,0.4167902
1717,-2.0570571,0.3690982
1718,-2.4084942,0.76388794
1719,-2.590384,0.63021344
1720,-2.4091995,0.6654774
1721,-1.8369457,0.7548118
1722,-1.069137,0.6900543
1723,-1.4929641,0.9288125
1724,-2.3201394,1.3223587
1725,-2.9622326,0.4627155
1726,-2.5286894,0.49612984
1727,-1.7420678,1.006069
1728,-1.550875,0.7917284
1729,-1.0610863,0.92565495
1730,-2.905709,0.58791167
1731,-1.8038063,0.84672093
1732,-2.2949157,0.38892612
1733,-2.9295173,0.4793518
1734,-2.3712828,0.5554801
1735,-2.9790664,0.48774663
1736,-2.2669973,0.8314281
1737,-1.1431155,0.5771637
1738,-2.050718,1.004698
1739,-2.3822558,0.53112054
1740,-1.2213002,0.707085
1741,-0.91320336,0.9603851
1742,-1.1013103,0.84510434
1743,-2.4809268,0.8578601
1744,-2.3558562,1.070088
1745,-2.3929312,0.9196204
1746,-2.4633603,0.38801333
1747,-2.0230074,0.86769956
1748,-2.4096177,0.9828557
1749,-2.8423514,0.9063148
1750,-2.9278784,0.46355262
1751,-2.4959457,0.48382628
1752,-2.5497987,0.42936203
1753,-1.8401316,0.80810916
1754,-1.6320672,0.88511455
1755,-1.0859923,1.0971243
1756,-2.4941604,0.4358163
1757,-2.0830393,0.5324399
1758,-1.9910513,0.7973437
1759,-2.3986285,0.48582718
1760,-2.5826929,0.53251916
1761,-0.9037345,0.85321474
1762,-2.486523,0.37363994
1763,-1.0434059,0.87822926
1764,-1.7088525,1.0351999
1765,-2.8121698,0.38408437
1766,-3.119377,1.0471147
1767,-2.3982303,0.37565476
1768,-2.4809783,0.6497721
1769,-1.12238,0.69743866
1770,-3.1451316,0.5134933
1771,-0.7342324,0.7804335
1772,-1.3842719,0.8778227
1773,-1.1901783,0.91979957
1774,-1.5215373,0.9112399
1775,-1.2725749,0.7398364
1776,-2.9897113,1.3527784
1777,-1.5482581,1.0055693
1778,-2.6923046,0.4632106
1779,-1.7595881,1.0092016
1780,-1.0936962,0.98881304
1781,-2.855602,0.4518177
1782,-1.1494381,0.68008673
1783,-2.904188,0.64040816
1784,-1.8806546,0.68315405
1785,-2.592408,0.81194466
1786,-2.4050803,0.4791447
1787,-2.3088942,1.1148152
1788,-3.3859103,0.51235473
1789,-2.5045364,0.4267935
1790,-2.7162445,0.4741089
1791,-2.8118534,0.6494916
1792,-2.4927413,0.50531125
1793,-2.4650536,0.4154138
1794,-3.213975,0.5807469
1795,-2.729613,0.5435542
1796,-1.2632793,0.9319574
1797,-2.4835184,0.48386818
1798,-2.3334086,0.47553566
1799,-0.9225203,0.906074
1800,-2.253166,0.8594067
1801,-0.9445951,0.7541279
1802,-2.8842716,0.38420093
1803,-2.99036,0.6745209
1804,-2.3988955,0.4772588
1805,-1.3064334,0.7796015
1806,-1.2648659,0.8311523
1807,-2.8130445,0.61211854
1808,-1.7619609,0.8649837
1809,-2.4045212,0.49303827
1810,-2.1605175,0.8427777
1811,-0.76456565,0.7329501
1812,-0.4680571,0.8247968
1813,-2.3625834,0.39822865
1814,-2.0097685,0.8402341
1815,-2.103415,0.743126
1816,-2.7828434,0.54257977
1817,-3.1732562,0.55391157
1818,-2.0929277,0.8083373
1819,-2.530974,0.45361987
1820,-2.5112488,0.48723087
1821,-1.6606015,1.2462347
1822,-2.0188537,0.8773787
1823,-1.6836181,0.65307665
1824,-1.4783787,0.86538345
1825,-1.5909,0.77661234
1826,-2.5859475,0.49329802
1827,-1.7265605,0.8757497
1828,-2.2846353,0.45445177
1829,-2.3661594,0.43470785
1830,-1.9657205,0.8562175
1831,-1.6337215,0.84999514
1832,-1.5124439,0.9069635
1833,-2.3070507,1.1168858
1834,-1.6914568,0.8582531
1835,-3.1921678,0.5682792
1836,-1.7011456,0.8184105
1837,-1.5063611,0.6945347
1838,-3.2733657,1.1806697
1839,-1.7926636,0.9162309
1840,-2.6656537,0.55646694
1841,-1.6727961,0.8550962
1842,-1.4226632,0.7825449
1843,-1.1984645,0.7358086
1844,-2.7046354,0.38259578
1845,-2.1375318,0.4225198
1846,-1.2865839,0.9115158
1847,-2.2556527,0.9051617
1848,-1.5945112,0.84480715
1849,-2.5099406,0.4555776
1850,-2.4120896,0.45871413
1851,-1.3262995,0.8660543
1852,-0.9495582,0.7128606
1853,-1.2111129,0.69516265
1854,-2.2095263,1.1490678
1855,-3.402164,0.6431363
1856,-1.6865937,0.79007435
1857,-3.206469,0.4980882
1858,-2.5000947,0.5463583
1859,-2.1821802,0.494055
1860,-2.5619242,0.53548014
1861,-2.5078938,0.46339178
1862,-2.57345,0.556174
1863,-2.8165464,0.5585093
1864,-2.8087137,0.44158238
1865,-2.0239964,0.38887733
1866,-0.772165,0.76394033
1867,-1.5119008,0.8215708
1868,-3.2879899,0.56799775
1869,-3.0801404,0.45300412
1870,-1.7874676,1.2692369
1871,-2.8980074,0.47109446
1872,-2.5427287,0.7720728
1873,-2.643571,0.45428464
1874,-0.7195664,0.8900957
1875,-2.2194688,0.78684443
1876,-0.8043951,0.77154547
1877,-1.8015393,0.99601495
1878,-2.7407966,0.3696295
1879,-1.7371597,0.7436393
1880,-1.8280567,1.0423446
1881,-0.38731286,0.9658601
1882,-2.1993034,0.8401034
1883,-2.0486648,0.9289907
1884,-1.9007204,0.37103736
1885,-2.6599984,0.40377277
1886,-1.8825302,0.74790776
1887,-0.5679284,0.8357696
1888,-1.0109057,0.67812616
1889,-2.2382648,0.44251236
1890,-2.0298429,0.9315825
1891,-3.0998707,0.47748783
1892,-2.1483824,0.9854341
1893,-2.332265,0.9363447
1894,-1.0198349,1.0140234
1895,-0.86069906,0.7621671
1896,-2.5463421,0.39543873
1897,-2.4770286,0.40834513
1898,-1.6318623,0.8466476
1899,-1.5018834,0.83682895
1900,-1.8985429,0.72189957
1901,-0.98507476,0.8578231
1902,-2.4079163,0.54660076
1903,-1.8632874,0.49862897
1904,-1.5908477,0.794813
1905,-2.769286,0.50918645
1906,-0.5802952,0.8365375
1907,-3.6335382,0.6068534
1908,-2.1147227,0.387503
1909,-1.3593599,0.9321024
1910,-2.6145706,0.45077905
1911,-2.4178455,0.5197083
1912,-2.4586852,0.3996147
1913,-1.7888864,1.0613444
1914,-2.444011,0.5937422
1915,-1.5849876,0.8693692
1916,-1.1014305,0.6878584
1917,-2.8053524,0.4805406
1918,-2.6237977,0.48612928
1919,-1.742103,0.9074409
1920,-1.9997187,1.0674821
1921,-2.2257576,0.9713042
1922,-2.5261092,1.2475584
1923,-1.3220292,0.91976994
1924,-0.9564655,0.94799083
1925,-1.3041012,0.8576362
1926,-0.5152103,0.8426612
1927,-2.529817,0.47165725
1928,-2.7229636,0.44848004
1929,-2.2566073,0.40187305
1930,-3.0445504,0.5117292
1931,-1.7257524,0.69296706
1932,-2.4720862,0.5061535
1933,-2.0541892,0.74327683
1934,-2.624423,0.47678307
1935,-3.0290985,0.42376843
1936,-1.8521112,0.7282788
1937,-1.0758977,0.8694652
1938,-2.8254426,1.0097809
1939,-1.9562923,0.6608002
1940,-2.6506948,0.64048195
1941,-2.3753202,0.48153228
1942,-2.2381034,0.38194737
1943,-1.8881776,0.83939713
1944,-1.0323684,0.6161695
1945,-2.5084465,0.48848847
1946,-0.82591575,0.82700044
1947,-1.7625699,0.7867366
1948,-1.2806538,0.69308174
1949,-2.3770418,0.91158074
1950,-2.433472,0.39203522
1951,-0.8294207,1.502753
1952,-1.5282941,0.75444996
1953,-0.9297366,0.8073669
1954,-2.690641,0.47425157
1955,-1.4504745,1.2261636
1956,-2.5749123,0.5038513
1957,-2.1058064,0.83147395
1958,-2.8022296,0.44873726
1959,-1.8919486,0.39664453
1960,-3.2266512,0.4771307
1961,-2.4964538,0.45298034
1962,-1.1133869,0.7855488
1963,-2.3478909,0.8468045
1964,-2.611392,0.46617612
1965,-1.8861903,0.8630875
1966,-2.4481118,0.44319338
1967,-2.740928,0.8867638
1968,-2.914531,0.5463269
1969,-2.2671618,0.4261624
1970,-0.63561046,0.87450594
1971,-0.7122889,0.79973847
1972,-2.9910235,0.52086985
1973,-2.531658,0.5371072
1974,-2.5048258,1.4670691
1975,-1.7863742,0.921776
1976,-3.387777,0.5078993
1977,-2.1912568,0.41581464
1978,-1.9267132,0.5369952
1979,-2.6610107,0.55584085
1980,-0.8706354,0.7797561
1981,-1.3432066,0.7004751
1982,-2.7269256,0.437974
1983,-1.4217693,1.1076645
1984,-1.5659257,0.7364086
1985,-2.5741003,1.1303184
1986,-2.349309,0.411965
1987,-1.6165565,0.71925235
1988,-2.3918777,0.42935383
1989,-1.9188547,0.86403614
1990,-3.0068502,0.41671604
1991,-2.4895582,0.5675661
1992,-1.7692728,0.95652586
1993,-1.8262198,0.77172077
1994,-2.061098,0.8997926
1995,-0.9095999,0.8228867
1996,-2.451281,0.6511877
1997,-2.4567082,0.4294389
1998,-1.9478573,1.170295
1999,-1.3556147,0.6366072
2000,-1.5958071,1.0472523
2001,-1.9434993,1.41368
2002,-2.7123094,0.43184197
2003,-2.5815284,0.90953994
2004,-2.445855,0.39441788
2005,-1.2974564,0.8683266
2006,-1.4469771,0.77462655
2007,-1.51517,0.7245427
2008,-1.7428697,0.8941425
2009,-2.1501641,0.8748336
2010,-2.400231,0.8873345
2011,-2.5559335,0.40302727
2012,-2.2333329,0.45130002
2013,-2.6643915,0.46088526
2014,-1.9693706,0.7782443
2015,-2.7855163,0.5095454
2016,-1.2738369,0.8651094
2017,-2.587764,0.44192153
2018,-1.4305425,1.2629446
2019,-3.201253,0.4013524
2020,-2.3682215,1.0071591
2021,-2.8134475,1.0881042
2022,-2.510967,0.40686464
2023,-2.2640362,0.5346841
2024,-2.0287428,1.0115058
2025,-1.7577962,0.88494486
2026,-0.7083737,0.685652
2027,-1.6075193,0.777275
2028,-2.2043846,0.93204576
2029,-1.194398,0.8269141
2030,-3.1618903,0.6036246
2031,-2.761424,0.43390796
2032,-1.9481868,0.86378783
2033,-2.2446299,0.39640892
2034,-1.9097681,0.90544957
2035,-1.8814328,0.82746994
2036,-1.5128186,0.82907116
2037,-1.7695509,0.8109224
2038,-2.5257244,0.43282303
2039,-2.1680257,0.7930375
2040,-1.0117929,0.67971534
2041,-2.8725739,0.44772467
2042,-1.4907541,0.97227156
2043,-1.7504485,0.64388347
2044,-1.1617692,0.73557407
2045,-0.8556097,0.8402064
2046,-0.78435034,0.9587322
2047,-2.2511451,0.4110977
2048,-2.2583358,1.0972321
2049,-2.7591982,0.45343894
2050,-2.7384133,0.48859748
2051,-0.7176512,0.7959522
2052,-2.4915876,0.51461995
2053,-0.71020776,0.7818797
2054,-0.78235537,0.79608095
2055,-2.699224,0.49493223
2056,-1.5169008,0.7277301
2057,-1.8503453,0.3882986
2058,-1.3324236,1.2735794
2059,-0.17834805,1.1326864
2060,-3.2020605,0.5565291
2061,-2.5018032,0.5040533
2062,-2.4707332,0.43543005
2063,-1.4658126,0.73033506
2064,-1.7808987,0.95372015
2065,-1.4747299,0.7913522
2066,-2.4981353,0.43598676
2067,-2.184555,0.85227233
2068,-1.2409354,0.6932286
2069,-2.366177,0.39999166
2070,-1.2622443,0.81563103
2071,-2.8518438,0.458011
2072,-2.663515,1.0148112
2073,-1.2405432,0.75354177
2074,-2.3465362,0.3745055
2075,-2.9643555,0.47972062
2076,-1.3929873,0.7422732
2077,-2.217017,0.4315261
2078,-2.406404,0.3836915
2079,-2.8094468,0.43460974
2080,-2.7913733,1.1348138
2081,-2.079632,0.40639526
2082,-1.9169803,0.7844854
2083,-2.584534,0.51574886
2084,-1.7659749,0.91392463
2085,-1.2332644,0.8558727
2086,-1.1748974,0.7334629
2087,-2.4086866,0.48682484
2088,-1.606062,0.92766416
2089,-0.54159665,0.8096715
2090,-2.08183,0.82260025
2091,-2.5933027,0.42685145
2092,-1.5384793,0.73652875
2093,-2.342686,0.6291954
2094,-1.6579454,0.9599016
2095,-2.5200877,0.50424546
2096,-1.9864033,1.0882928
2097,-3.3277383,0.56287885
2098,-2.793461,0.5200968
2099,-0.9382417,0.7842172
2100,-1.6911838,1.0365361
2101,-2.1886094,0.67291987
2102,-2.7440484,0.4771999
2103,-1.3891153,0.9028439
2104,-2.7605152,0.50192565
2105,-2.104212,0.55629385
2106,-1.0725859,0.7846386
2107,-2.210631,0.46874258
2108,-1.1497633,1.1518971
2109,-2.1839101,0.7517837
2110,-3.0770657,0.49845427
2111,-2.3897722,0.40872604
2112,-1.372852,1.0106252
2113,-2.3237433,0.42562115
2114,-2.7606308,1.0756418
2115,-0.99574924,0.627708
2116,-1.7617394,0.9178623
2117,-1.006941,0.88545984
2118,-1.8356396,1.0756868
2119,-3.0720654,0.5263398
2120,-2.5580895,0.4694686
2121,-1.9263635,0.72525895
2122,-3.2681365,0.61381644
2123,-0.6927171,0.7561516
2124,-2.6046267,0.9563654
2125,-2.5925932,0.4443954
2126,-2.1622937,0.6781367
2127,-2.6601562,0.56672066
2128,-2.5261588,0.5004098
2129,-1.1221713,0.9043906
2130,-1.1387031,0.91275805
2131,-0.88818055,0.9262795
2132,-1.6968921,0.7984956
2133,-1.3738132,0.6823926
2134,-2.3631296,0.800437
2135,-2.8746972,0.4395769
2136,-2.4054348,0.55723083
2137,-2.1691575,0.40204296
2138,-2.687561,0.41374528
2139,-3.4522007,0.54053473
2140,-1.8343594,0.8294146
2141,-3.502525,0.5005636
2142,-1.3742489,0.9153591
2143,-1.9090427,0.77509093
2144,-1.9702239,0.882708
2145,-2.4494984,0.46192917
2146,-1.6342614,0.76489925
2147,-3.2435288,0.6174079
2148,-2.3274171,0.7574298
2149,-2.083417,0.44607487
2150,-2.2581103,0.4030845
2151,-2.8711724,1.1414481
2152,-2.7359326,0.6263015
2153,-1.2337866,0.7391196
2154,-2.8592286,0.50616556
2155,-2.7231252,0.48262993
2156,-2.3205907,0.43705824
2157,-1.8085735,0.84392047
2158,-1.4090387,0.7804403
2159,-1.6123468,0.78547144
2160,-2.0104265,1.2178977
2161,-1.2252077,0.7668668
2162,-1.5288831,0.7351709
2163,-2.5503547,0.926308
2164,-2.3142452,0.8944994
2165,-2.3441532,0.4157054
2166,-2.3768702,0.3775477
2167,-2.7571065,0.52016
2168,-0.5024029,0.83659554
2169,-2.4872084,0.48367897
2170,-2.697025,0.5327435
2171,-2.664664,0.45390046
2172,-1.8457325,1.2706932
2173,-2.1033323,0.4927336
2174,-2.6476252,0.5298128
2175,-1.6386126,0.68071085
2176,-1.0955714,0.9753845
2177,-2.263071,0.42653367
2178,-1.0411557,0.79092413
2179,-2.544252,0.48279843
2180,-3.1402316,0.4713357
2181,-2.8844965,0.45447278
2182,-1.1892447,0.925161
2183,-2.4582407,0.45859182
2184,-2.4640474,0.5851336
2185,-0.5188121,0.69640726
2186,-2.2931356,0.49453858
2187,-2.5340476,0.48315352
2188,-1.534233,0.7663885
2189,-3.0236344,0.5778358
2190,-2.74828,0.90668947
2191,-0.8783787,0.8015929
2192,-1.3851881,0.72879094
2193,-1.7110872,0.86897993
2194,-2.4988837,0.40470406
2195,-2.5363212,0.3670666
2196,-1.7353934,0.28973642
2197,-1.2661246,0.9737949
2198,-0.851381,1.1491073
2199,-1.829314,0.81617886
2200,-2.8045683,0.85436624
2201,-1.8432423,0.7804952
2202,-3.768473,0.56594115
2203,-2.7465394,0.56894445
2204,-2.365608,0.5709447
2205,-1.9171495,0.37539566
2206,-2.7717419,0.3558155
2207,-0.7023012,0.8590111
2208,-1.5527663,0.8869135
2209,-1.6220009,0.7584865
2210,-2.8069494,0.4508643
2211,-2.202879,0.44772032
2212,-1.8098456,0.7922171
2213,-1.5911872,0.8576057
2214,-2.141877,0.41631883
2215,-2.9439046,0.4417707
2216,-2.3257325,0.37889975
2217,-2.7691212,0.50242096
2218,-1.8738418,0.8793727
2219,-0.2744176,0.97779554
2220,-1.5410111,0.72458714
2221,-2.5218875,0.44357106
2222,-3.2366686,0.48040622
2223,-1.0677625,0.88805383
2224,-2.8123248,0.5362605
2225,-1.7940515,0.5600257
2226,-3.5119936,0.5424142
2227,-2.3946524,0.70390296
2228,-1.5738578,0.87573403
2229,-2.5729535,0.50681514
2230,-2.2703056,0.7889246
2231,-2.5522604,0.4287108
2232,-2.1626992,0.6570741
2233,-3.1145754,0.5397996
2234,-2.6511126,0.48536876
2235,-1.0110873,0.6342121
2236,-3.0265408,0.53493077
2237,-1.0032488,0.7249559
2238,-1.7299618,1.0247656
2239,-2.6092625,0.47898254
2240,-2.2227433,0.43934104
2241,-3.0511765,0.5664226
2242,-0.77041787,0.9910095
2243,-2.685903,0.54307526
2244,-1.3592952,0.863203
2245,-2.669163,0.384497
2246,-1.3352443,0.8388392
2247,-2.4081566,0.41426796
2248,-2.04572,0.83964807
2249,-1.1984103,0.83512044
2250,-1.8426538,1.0244893
2251,-2.0294752,0.93958324
2252,-1.5857048,0.8378527
2253,-1.4954231,0.7494418
2254,-2.9022934,0.5093186
2255,-1.4369459,0.8698929
2256,-2.1911652,0.4469532
2257,-2.4488027,0.8373898
2258,-0.16077772,0.76350504
2259,-3.1681182,0.556234
2260,-2.2163563,0.92371845
2261,-2.5814362,1.123351
2262,-2.477377,0.46431354
2263,-3.1370788,0.5879526
2264,-0.9699738,0.7528372
2265,-1.6096771,0.7561481
2266,-1.7286034,0.6668262
2267,-2.650564,0.49825835
2268,-2.091942,0.38729972
2269,-1.9515114,0.39648706
2270,-2.0752337,0.43367922
2271,-1.9461608,0.87317985
2272,-2.3804066,0.46538234
2273,-2.256008,0.45149887
2274,-2.5204852,0.41622522
2275,-2.69573,0.53211224
2276,-2.148125,0.5262456
2277,-0.49002784,0.8563072
2278,-2.9743366,0.50924546
2279,-3.1046975,0.48755673
2280,-2.3902063,0.4359209
2281,-2.31893,0.46532798
2282,-2.2968657,0.4315616
2283,-1.1590255,0.64530855
2284,-2.2620034,0.38124526
2285,-2.1077287,0.91708434
2286,-2.5639782,0.39952174
2287,-2.7612503,0.5047658
2288,-2.6550925,0.45395064
2289,-2.6417587,0.42674807
2290,-2.3538516,0.50151515
2291,-3.1811826,1.3272167
2292,-2.34808,0.4596952
2293,-2.8305197,1.2019544
2294,-2.2696838,1.0216384
2295,-3.3103313,0.50163984
2296,-1.8406923,1.1043279
2297,-2.1737695,0.8703063
2298,-2.0628204,1.0879314
2299,-2.5217102,0.48725086
2300,-2.0352812,0.36287582
2301,-2.5341437,0.43424946
2302,-2.7955608,0.5116007
2303,-2.5935974,1.1050631
2304,-2.6718314,0.5149522
2305,-2.246373,0.38859728
2306,-1.305235,0.8943586
2307,-2.967038,1.0711634
2308,-1.3490496,0.8509052
2309,-3.013186,0.53674746
2310,-2.0181332,0.38842317
2311,-2.3614278,0.9838872
2312,-1.1056507,0.88648456
2313,-2.6474023,0.47191972
2314,-0.87813497,0.99743444
2315,-3.0551865,0.5040582
2316,-2.090832,0.41707644
2317,-3.1345758,0.5114297
2318,-3.1998339,0.5597656
2319,-2.6738195,0.41676205
2320,-1.6284535,0.9021049
2321,-1.0374409,0.8250296
2322,-2.0887778,0.70196784
2323,-2.6797931,0.48344845
2324,-1.7082849,0.8576319
2325,-2.768525,0.5626558
2326,-1.809075,0.8053496
2327,-1.1835424,2.0619922
2328,-2.4080567,0.86618125
2329,-2.7542794,0.48552516
2330,-1.3716611,0.95723826
2331,-1.2350874,0.757801
2332,-3.3039215,0.50454664
2333,-2.3474648,0.6924028
2334,-1.1233362,0.93954885
2335,-0.9547519,0.6986501
2336,-2.0378926,0.77809596
2337,-0.9505048,0.75934136
2338,-3.032776,0.5185046
2339,-1.9848683,1.0798311
2340,-2.393967,0.48216313
2341,-2.613579,0.38822326
2342,-2.5527809,0.4785057
2343,-1.572148,1.3378924
2344,-1.3011267,0.91705364
2345,-1.0617329,0.7262585
2346,-1.5050116,0.7979187
2347,-2.6203964,0.47959435
2348,-2.3148081,0.43572924
2349,-2.186354,0.8280121
2350,-2.3962495,0.40581965
2351,-1.9325813,0.4175531
2352,-0.89566284,0.7890451
2353,-1.489625,1.0808812
2354,-1.9319593,0.8715153
2355,-1.9673871,0.43193755
2356,-1.2787008,0.9440858
2357,-1.0422691,0.7509289
2358,-0.77095175,1.051272
2359,-2.3664138,0.550659
2360,-2.288913,0.8034284
2361,-1.8190026,0.8620312
2362,-1.7991222,0.8344558
2363,-0.97695893,0.8038548
2364,-0.87837267,0.7797447
2365,-1.0747702,0.67599267
2366,-2.523332,0.51607436
2367,-1.8238196,0.7392073
2368,-2.8935256,0.5479053
2369,-2.7233045,0.45285752
2370,-2.6830292,0.67279446
2371,-1.4115815,0.83217454
2372,-2.112642,0.8005618
2373,-2.3392105,0.42450312
2374,-3.2427127,0.551285
2375,-2.4496343,0.47438625
2376,-1.4135332,0.8678971
2377,-1.4700264,0.9260269
2378,-1.8844008,1.2136165
2379,-2.1168716,1.0452324
2380,-2.2443616,0.3791285
2381,-1.1642371,0.6935255
2382,-1.9370538,0.48898783
2383,-1.3712373,0.7176516
2384,-2.7402387,1.1992993
2385,-2.450497,0.43009198
2386,-1.6241558,0.8896269
2387,-2.4280329,0.47963995
2388,-1.6831874,0.71934533
2389,-2.6871161,0.47659189
2390,-2.991496,0.50037295
2391,-2.4844887,0.92973197
2392,-2.4181757,0.8089303
2393,-3.0685132,0.53828436
2394,-2.329256,1.0399642
2395,-2.289183,0.46661255
2396,-1.9713947,1.0366161
2397,-2.4387853,0.3956429
2398,-1.4282666,0.8319637
2399,-1.2366002,0.81496334
2400,-3.0141647,0.55626225
2401,-1.160063,0.8137405
2402,-1.7548603,0.7610446
2403,-3.2291481,0.46946487
2404,-2.4985588,0.44929478
2405,-2.902071,0.46362957
2406,-1.8388218,0.8773178
2407,-1.9791068,0.461341
2408,-2.2450762,0.43755513
2409,-2.5872593,0.44048098
2410,-2.4301481,0.5088614
2411,-2.197376,0.9727391
2412,-2.6989017,0.78782386
2413,-2.393731,0.4125073
2414,-2.346409,0.4394056
2415,-2.9288843,0.5227894
2416,-2.6865945,0.47788554
2417,-2.3843987,0.38515514
2418,-2.0389016,0.8728726
2419,-2.6826768,0.54057974
2420,-1.5959004,1.092808
2421,-1.1485062,0.702561
2422,-1.7489473,0.9513719
2423,-2.5262208,0.5288983
2424,-1.53891,0.7537302
2425,-1.9660681,0.9395816
2426,-2.7469192,0.53129596
2427,-2.5958993,0.5654848
2428,-2.9028344,0.642869
2429,-1.1698347,0.81535965
2430,-2.4116292,0.38160628
2431,-1.4900149,1.1030223
2432,-2.9299407,1.2138971
2433,-1.0714418,0.55964315
2434,-2.3294435,0.87175864
2435,-1.3201901,0.7325164
2436,-2.2025585,0.78202224
2437,-1.0758046,0.70739114
2438,-2.7935824,0.4863427
2439,-1.7265885,0.7964969
2440,-1.9137468,0.9538044
2441,-1.2806243,0.87993586
2442,-2.4226973,0.79636586
2443,-1.5660588,0.9800823
2444,-2.287889,0.5165664
2445,-2.1250455,0.49762806
2446,-2.722687,0.5161572
2447,-2.356416,0.33490384
2448,-3.1772475,0.6293695
2449,-2.2539535,0.40451637
2450,-1.6229271,0.8610393
2451,-2.3397372,0.98530626
2452,-1.0598996,1.0989459
2453,-1.4003744,0.88883436
2454,-1.9568257,0.81341
2455,-1.4575647,0.8419123
2456,-1.5441947,0.84754515
2457,-2.960425,0.51978695
2458,-1.1628479,0.81266165
2459,-2.572647,0.46760282
2460,-2.806913,0.38467732
2461,-2.3509936,0.73028445
2462,-2.5697355,0.50061136
2463,-1.6495703,0.88722855
2464,-1.4033548,0.78449196
2465,-2.045109,0.43024498
2466,-2.5323799,0.3722552
2467,-2.7535043,0.51001185
2468,-1.5749197,0.99514925
2469,-2.5540166,0.9301752
2470,-1.583027,0.7823075
2471,-2.495371,0.4839727
2472,-1.8337877,0.9033454
2473,-1.3864251,0.8038729
2474,-1.0430454,0.78731555
2475,-2.1416187,0.73192185
2476,-0.8547261,0.6395729
2477,-2.6492248,0.4507603
2478,-1.6790348,0.69664526
2479,-2.3631768,0.5511013
2480,-1.3637859,1.2627008
2481,-1.6870838,0.8904273
2482,-1.235368,0.77946323
2483,-1.5689209,0.9735552
2484,-2.5799527,0.44438216
2485,-0.92986006,0.6772793
2486,-2.163449,0.67982036
2487,-1.6485112,1.122818
2488,-1.9200209,1.0862443
2489,-2.3025968,0.42383522
2490,-1.2810136,0.81767106
2491,-2.4235542,0.39872164
2492,-2.557025,0.45410773
2493,-2.429898,1.1747588
2494,-1.0539808,0.8869218
2495,-2.3971055,0.43444026
2496,-2.1217709,0.96835554
2497,-1.5259681,0.84488904
2498,-2.34125,0.42623955
2499,-1.4229939,0.86525077
2500,-2.3504531,0.56229204
2501,-2.2399826,0.85826254
2502,-1.6529673,0.8180256
2503,-2.008045,0.83729076
2504,-2.3241057,0.47615194
2505,-2.5303879,1.1193683
2506,-1.5936929,0.8679176
2507,-2.717564,0.5466555
2508,-2.7925665,0.48484418
2509,-2.2543612,0.86027336
2510,-1.1186154,0.973905
2511,-2.6817303,0.9778981
2512,-2.1461918,0.8244328
2513,-2.4257872,0.44035015
2514,-1.6650575,0.7526158
2515,-1.7247293,0.94827986
2516,-1.9775997,0.91231847
2517,-2.6621892,0.8648802
2518,-1.9545554,0.76067954
2519,-0.81902903,0.6823354
2520,-1.8008696,0.803848
2521,-1.5238091,0.81201786
2522,-2.9246519,0.4292369
2523,-2.1539571,0.4139041
2524,-2.318239,1.1141968
2525,-1.9137334,0.87639225
2526,-3.2494223,0.59615314
2527,-1.2502807,0.91348183
2528,-1.4083523,0.8842869
2529,-2.123155,0.75994426
2530,-1.3350873,1.1573379
2531,-2.0576992,0.40637663
2532,-2.3958538,0.84698683
2533,-1.8478044,1.6206852
2534,-1.9818834,0.47842002
2535,-1.3946294,0.8628516
2536,-2.3288527,0.8971039
2537,-2.5378563,0.4761551
2538,-3.2739692,0.60799485
2539,-2.9202108,0.67726177
2540,-1.0923967,0.7395872
2541,-2.9850507,0.4271822
2542,-2.5802398,0.42967018
2543,-2.40361,0.4509956
2544,-2.8322275,1.1323
2545,-0.6784479,1.0727608
2546,-2.2207398,0.8504002
2547,-2.0834606,0.66739464
2548,-2.5050123,0.74389774
2549,-1.2227049,0.73614275
2550,-1.8902321,0.99489695
2551,-1.3947988,0.8141432
2552,-1.111035,0.92587125
2553,-3.037272,0.516874
2554,-0.04074798,2.2372327
2555,-0.5316644,0.839542
2556,-1.4144074,0.7973694
2557,-1.5562637,1.1260327
2558,-3.0781753,0.40541118
2559,-2.2249956,0.74634784
2560,-3.3467011,0.56773704
2561,-2.5277033,0.48246887
2562,-2.4883814,0.43023798
2563,-1.6944102,0.82452226
2564,-2.7930343,0.45839593
2565,-2.0021238,0.82808244
2566,-1.3505876,0.75644314
2567,-2.709918,0.524064
2568,-0.8380614,0.92917126
2569,-1.7488223,0.8186564
2570,-1.854052,0.7605259
2571,-1.6551147,0.80135405
2572,-2.9362855,0.60295844
2573,-3.3438272,0.5358114
2574,-2.4320252,0.44351667
2575,-2.117815,0.75157106
2576,-1.3833382,0.6838586
2577,-1.9181973,0.7458508
2578,-1.1889328,0.9269601
2579,-1.6758128,0.88051033
2580,-2.1535676,0.7437772
2581,-1.4627898,1.0520902
2582,-2.6933374,0.5250104
2583,-1.594848,0.9792279
2584,-1.6809028,0.85959405
2585,-1.0947397,0.78079605
2586,-2.2095633,0.8702894
2587,-2.0772934,0.39680037
2588,-1.7893932,0.7945482
2589,-1.2890412,0.9643382
2590,-2.5930326,0.45633405
2591,-2.948517,0.6637771
2592,-2.7803168,0.469099
2593,-1.3221102,1.0991796
2594,-2.4004238,0.39157736
2595,-2.3971212,0.6389329
2596,-1.7363569,1.343823
2597,-2.6066887,0.46105397
2598,-2.841749,0.5468251
2599,-2.1101577,0.76999176
2600,-2.461244,0.86435056
2601,-2.0535765,0.8443384
2602,-2.2273817,0.40850353
2603,-2.5891786,0.3955772
2604,-0.77559924,0.90488106
2605,-2.9246583,0.44195056
2606,-2.8413024,0.43859386
2607,-2.6067774,0.6155023
2608,-2.670611,0.44348788
2609,-2.460569,0.39919207
2610,-2.04142,0.86075443
2611,-2.102565,0.815195
2612,-2.7215803,0.45612797
2613,-2.6455126,0.45127603
2614,-1.747695,0.81761754
2615,-1.6077485,0.8541378
2616,-2.675404,0.8773254
2617,-1.2789937,0.6449765
2618,-2.8919177,0.5131382
2619,-2.854645,0.44966036
2620,-1.3520197,0.7701996
2621,-2.8496146,0.49506676
2622,-0.72321343,0.85951275
2623,-1.5585675,0.85197103
2624,-2.4431093,0.40998325
2625,-2.2819061,0.5488992
2626,-0.7620226,1.3524863
2627,-2.5231702,0.47330493
2628,-2.2460299,1.1739762
2629,-3.0580173,0.66799885
2630,-0.8293274,0.68539166
2631,-1.952377,1.0554452
2632,-2.2977762,1.3601407
2633,-1.3093677,0.988575
2634,-2.6344573,0.57086086
2635,-2.1652327,0.85577595
2636,-2.1536837,0.7456518
2637,-2.2416086,0.89783514
2638,-2.017457,0.9460475
2639,-3.5651038,1.6543006
2640,-1.144145,0.8227002
2641,-2.348277,0.52384996
2642,-1.3221228,0.85929996
2643,-2.1915443,1.790061
2644,-1.178574,0.9877336
2645,-2.4753702,0.47902754
2646,-0.3705378,0.71567804
2647,-0.83427596,0.759873
2648,-3.165496,0.5080763
2649,-1.2397412,0.62062216
2650,-2.5897558,0.44526437
2651,-1.9631071,0.74036986
2652,-1.7779049,0.87795544
2653,-1.5197423,0.71543217
2654,-2.5191379,0.50779384
2655,-2.117894,0.9821156
2656,-2.273114,0.85156626
2657,-2.2400782,0.8864536
2658,-2.4711792,0.9046343
2659,-2.1174116,0.83558154
2660,-2.9601285,0.49479493
2661,-2.157184,0.9161927
2662,-2.515587,0.45300126
2663,-2.390441,0.74345106
2664,-0.83805543,0.7726554
2665,-2.7076702,0.47948352
2666,-1.3657631,0.7309448
2667,-1.9131528,0.8191266
2668,-2.9462588,0.86766964
2669,-1.8018054,0.98065186
2670,-2.4715643,0.4393508
2671,-1.6383095,0.89550483
2672,-3.2417147,0.60359377
2673,-2.7694945,0.43765262
2674,-1.7051668,0.86861783
2675,-2.4651303,0.4704015
2676,-2.4602685,0.6197582
2677,-2.7895103,0.46515164
2678,-1.6829072,1.1825575
2679,-1.7108837,0.91893125
2680,-1.5475672,0.7491083
2681,-2.4252682,0.455913
2682,-1.3514801,0.8087312
2683,-1.4326421,0.78532976
2684,-2.7354605,0.4575878
2685,-2.614767,0.43794328
2686,-2.3887088,0.3871801
2687,-1.1464334,0.79518443
2688,-2.6763372,0.49560508
2689,-1.3352224,0.8256093
2690,-2.82628,0.5146749
2691,-2.0023873,0.9909519
2692,-3.4434912,0.5439471
2693,-1.9650803,0.88566387
2694,-1.9506553,0.88584346
2695,-2.8759809,0.51823395
2696,-2.3024197,0.50194675
2697,-1.4558518,0.92799735
2698,-2.2744308,0.4380055
2699,-2.1620705,0.81582046
2700,-1.2699836,0.61460775
2701,-2.4666767,0.79169244
2702,-1.6774473,0.93656015
2703,-2.1125877,0.91074646
2704,-1.418304,1.0017136
2705,-1.1034842,0.81910306
2706,-2.9090078,0.5129279
2707,-2.8675873,0.48021722
2708,-3.263955,0.6534745
2709,-2.8518326,0.43372697
2710,-2.5676563,0.46092787
2711,-0.75492215,0.6428581
2712,-2.5711205,0.46513778
2713,-1.702354,0.7502225
2714,-2.2444358,0.87541455
2715,-1.0376196,0.87181365
2716,-1.3882134,0.64827156
2717,-2.0545712,0.992597
2718,-1.5164047,0.8191074
2719,-2.6078074,0.4176338
2720,-3.0478039,1.1432698
2721,-1.3097146,0.7687996
2722,-1.5968956,0.73928
2723,-1.9050788,1.0035857
2724,-2.3996546,0.8931064
2725,-2.4310305,0.5192535
2726,-2.5170875,1.0220815
2727,-2.740364,0.4416234
2728,-2.149026,0.91885877
2729,-1.9549545,0.5038888
2730,-2.7433765,0.46463773
2731,-2.0119517,0.34644166
2732,-1.4670945,0.78290915
2733,-1.7758659,0.875581
2734,-2.8361576,0.4776731
2735,-1.8832347,0.9719368
2736,-1.4024918,1.3151486
2737,-1.1446781,0.84077084
2738,-2.8740683,0.52068216
2739,-2.074961,1.2524097
2740,-2.268489,0.8986493
2741,-2.859712,0.9257419
2742,-2.071738,0.41004142
2743,-1.7469089,0.98976
2744,-2.4975173,0.97628665
2745,-2.4702792,0.5023733
2746,-1.4948899,1.2275252
2747,-1.6093445,0.7522576
2748,-2.8715827,0.48094103
2749,-2.3413947,0.3879553
2750,-2.0245538,1.250286
2751,-1.5677366,0.88721853
2752,-1.5978001,1.1603163
2753,-1.731522,0.93783426
2754,-3.0844173,0.51729476
2755,-1.888085,0.7698402
2756,-1.036474,0.7217734
2757,-2.713046,0.4227562
2758,-2.088669,0.7936907
2759,-1.6062626,1.1187572
2760,-2.7503877,0.5963629
2761,-2.6829195,1.0085163
2762,-1.0973779,0.9732866
2763,-1.2164485,0.7429072
2764,-1.1142746,0.9625569
2765,-2.560777,0.41783637
2766,-1.9811162,0.9243422
2767,-2.6118064,0.46500176
2768,-2.8597717,0.5290723
2769,-1.9918774,0.75140697
2770,-1.3308526,1.364642
2771,-2.7946002,1.0926754
2772,-2.4369962,0.4245815
2773,-1.8776747,0.79152817
2774,-1.3638775,0.7153656
2775,-2.2045274,1.2752894
2776,-1.7220738,0.93493754
2777,-1.7371399,1.0347904
2778,-2.9760287,0.5136152
2779,-1.6353023,0.9852447
2780,-1.4017229,0.64530146
2781,-2.1307251,0.37337616
2782,-2.5000565,0.50699085
2783,-1.0380718,0.78410196
2784,-1.583242,0.94394654
2785,-2.6835694,0.64105505
2786,-2.930921,0.53629065
2787,-1.573889,1.1327711
2788,-0.7710611,0.7092495
2789,-2.356499,1.0413096
2790,-1.6853768,1.0977207
2791,-0.21799266,0.8371003
2792,-1.7447977,0.65930283
2793,-1.4334103,1.1034428
2794,-0.58816826,1.0086021
2795,-1.8220396,1.0478255
2796,-1.7736635,0.9475594
2797,-2.7820764,0.4781326
2798,-1.1861113,0.90491253
2799,-2.6149452,0.934523
2800,-0.7341225,0.83716613
2801,-2.319084,0.42270774
2802,-1.9740486,0.4400669
2803,-0.8027189,0.77035445
2804,-2.1541429,0.41472784
2805,-2.0652175,0.42273772
2806,-1.1133536,0.80941534
2807,-1.7574664,0.73066527
2808,-2.4983943,0.5006611
2809,-2.301484,0.41328156
2810,-2.1102505,0.43996105
2811,-2.2437983,0.6204264
2812,-1.898793,0.8156027
2813,-0.76164556,0.780331
2814,-1.6972841,0.7163524
2815,-1.3562491,0.8416094
2816,-2.9110208,0.46069676
2817,-1.298791,0.84652317
2818,-2.4624026,0.48465928
2819,-1.5114915,0.8149195
2820,-1.570111,0.8766417
2821,-1.0440305,0.8876888
2822,-2.2713702,0.41708717
2823,-1.507265,1.1581413
2824,-2.7148778,0.49333546
2825,-1.3863509,0.74933934
2826,-1.0680358,1.1425576
2827,-3.40926,0.59833366
2828,-1.3225423,0.93781346
2829,-0.77668875,1.1483604
2830,-1.8430175,0.9558705
2831,-2.7635665,0.54924667
2832,-2.9331923,0.4021392
2833,-1.7206056,0.89006716
2834,-1.0387377,0.85565174
2835,-3.0403678,0.43838075
2836,-0.53275687,0.85986197
2837,-1.6343263,0.812124
2838,-1.424093,1.0460582
2839,-2.696941,0.47308233
2840,-1.2656053,0.93656135
2841,-2.6068316,0.5200408
2842,-1.5276812,0.93360335
2843,-2.1186438,0.40525413
2844,-3.0753417,0.5201681
2845,-1.0207497,1.01072
2846,-1.6443635,0.87039435
2847,-1.9636836,0.7896335
2848,-3.0424786,1.5772486
2849,-1.9646138,0.7736673
2850,-2.8907635,0.4523842
2851,-2.383748,0.4058952
2852,-2.5307589,0.48132998
2853,-1.9773962,0.48494655
2854,-2.6272898,0.48827398
2855,-1.7049887,0.7241676
2856,-2.93211,0.4681093
2857,-1.4322628,0.80049264
2858,-2.0307653,0.92540324
2859,-1.826646,0.92552996
2860,-2.1916883,0.41686597
2861,-2.8984048,0.47765043
2862,-1.9586791,0.78764874
2863,-1.0431392,0.7361213
2864,-2.8801432,0.9420542
2865,-2.3294454,0.90154403
2866,-2.6028712,0.4380387
2867,-2.9802127,0.59414256
2868,-2.885416,1.0739404
2869,-2.6624198,0.49886128
2870,-2.5880044,0.4317743
2871,-1.9271797,0.75793666
2872,-2.0116663,0.88211375
2873,-2.917357,0.500691
2874,-2.4144373,0.44391194
2875,-2.9249868,0.43368235
2876,-1.8287845,0.80561024
2877,-2.355076,0.4776323
2878,-2.9630814,0.4282248
2879,-2.1159294,1.081069
2880,-1.1146132,1.0761905
2881,-2.263194,0.4266634
2882,-2.1422136,0.7198129
2883,-1.8990953,0.9118726
2884,-2.3753662,0.44539776
2885,-2.77407,0.48468056
2886,-1.7384719,0.7236422
2887,-2.3470774,0.5554999
2888,-2.525275,0.46586105
2889,-2.6906152,0.4161025
2890,-2.5872796,0.44961223
2891,-0.99661237,0.7344804
2892,-2.9153519,0.46421018
2893,-1.2563858,0.7906313
2894,-3.0190167,0.73027086
2895,-2.4662673,0.45977527
2896,-1.9532143,0.58905184
2897,-1.8206364,0.79683524
2898,-1.41166,0.7533851
2899,-2.5662475,0.4818083
2900,-2.0758011,0.8129406
2901,-3.2105262,0.5689636
2902,-0.67148507,0.93041885
2903,-1.2092055,0.8680249
2904,-2.3773844,0.46825558
2905,-1.1587573,0.79537654
2906,-1.910245,0.80750364
2907,-1.1888796,1.0853512
2908,-1.4871141,0.86827254
2909,-2.2938316,0.49490958
2910,-2.9908905,0.55075586
2911,-2.1927574,0.81871456
2912,-2.5469582,0.47124028
2913,-2.3054605,0.3900682
2914,-2.287143,0.42806736
2915,-1.579929,0.8088786
2916,-1.6702653,0.8183006
2917,-2.656482,0.46458495
2918,-2.2571545,0.58182406
2919,-0.59428424,0.81139535
2920,-2.9879377,1.1146452
2921,-0.8127017,0.9410551
2922,-2.8312762,0.4680133
2923,-1.9958097,1.0956676
2924,-2.688529,0.4613925
2925,-2.8234088,0.58314455
2926,-0.580221,0.666383
2927,-1.9416432,0.85618705
2928,-2.6890643,0.42424557
2929,-2.993499,0.58320093
2930,-0.742841,0.80245906
2931,-1.3735936,0.8328787
2932,-1.741121,0.91026497
2933,-1.720217,0.90502393
2934,-0.6119436,0.85115236
2935,-2.173115,0.96998763
2936,-1.189721,1.1048417
2937,-2.6733856,0.44761753
2938,-1.5557563,0.7020419
2939,-2.8988404,0.4866828
2940,-2.522742,0.44475365
2941,-0.4426997,0.6927797
2942,-1.0147595,0.7448554
2943,-1.5442199,0.9768099
2944,-1.245391,1.0098059
2945,-2.6242838,0.49923033
2946,-1.5066773,1.0206124
2947,-1.9661701,0.74710476
2948,-2.5417078,0.39420292
2949,-2.2392364,0.6947965
2950,-2.3693507,1.1222087
2951,-2.6412332,0.45231992
2952,-2.0841699,0.792932
2953,-1.746825,0.7873919
2954,-2.399055,0.41494066
2955,-2.331498,0.36913684
2956,-3.324315,0.5954693
2957,-2.1007187,0.3900643
2958,-2.650059,0.4868265
2959,-2.3401055,0.42724848
2960,-2.882474,0.8750367
2961,-1.2295952,0.89736664
2962,-1.450372,0.7379281
2963,-1.9643794,0.72797906
2964,-2.5362885,0.3300829
2965,-2.7705283,0.7116934
2966,-3.374536,0.6280367
2967,-2.7916949,0.4537088
2968,-1.9028118,1.078441
2969,-2.28696,0.9579775
2970,-3.0964856,0.55733246
2971,-2.418938,0.73005307
2972,-1.5701461,0.73090035
2973,-1.5450315,0.92530274
2974,-3.3974469,0.5970558
2975,-2.0386488,1.3428586
2976,-2.5035584,0.43063995
2977,-1.9084424,0.8484352
2978,-1.7701219,0.7832254
2979,-2.411417,0.8839403
2980,-2.6708632,0.45493266
2981,-0.6244409,0.78557944
2982,-1.0465915,1.1487904
2983,-2.6093137,0.4761211
2984,-0.54666835,0.82546395
2985,-1.5017767,0.8823128
2986,-3.1710844,0.44146073
2987,-1.647148,0.76624244
2988,-1.523015,0.8102925
2989,-1.5718688,0.73504466
2990,-3.2147737,0.42651552
2991,-2.2861567,0.41957387
2992,-2.3489985,0.78161275
2993,-0.92686236,0.77004164
2994,-1.7166791,0.81489724
2995,-1.1850027,0.82226354
2996,-1.5444913,0.81799036
2997,-2.8906083,0.57476526
2998,-1.9639379,0.3903716
2999,-1.7755594,0.7398389
3000,-1.7065303,1.2351342
3001,-1.5829521,0.7047777
3002,-2.4251673,0.5031143
3003,-1.3096194,0.8595196
3004,-1.9939091,0.91141385
3005,-2.306091,1.2176135
3006,-1.4356188,0.90165967
3007,-1.7753175,0.96522784
3008,-2.6728938,0.5431381
3009,-1.8382547,0.74079615
3010,-3.0575628,0.4375596
3011,-2.0607586,0.8435526
3012,-2.9620383,0.5469875
3013,-2.6280038,0.9423873
3014,-2.8765,0.47376856
3015,-0.62745154,1.0270069
3016,-1.444755,0.7335234
3017,-2.7412732,0.44958952
3018,-1.8390049,0.795855
3019,-1.9980534,0.9453178
3020,-1.6210855,0.81800836
3021,-2.3866968,1.3552785
3022,-2.8646247,0.52735066
3023,-3.146937,0.5589818
3024,-2.7355132,0.45952928
3025,-1.5743388,0.86706406
3026,-2.2508,0.4807482
3027,-2.407337,0.43976584
3028,-2.789134,0.7639207
3029,-3.2342782,0.52555233
3030,-2.8559036,0.9658669
3031,-3.2283964,0.5315962
3032,-2.6524878,0.60089844
3033,-3.1314783,0.4985191
3034,-2.3419118,0.5086668
3035,-2.5195124,0.43239173
3036,-1.2594451,0.85905945
3037,-2.0778077,0.44058827
3038,-2.7260764,0.5035985
3039,-2.3684986,1.480586
3040,-1.8228858,0.7769761
3041,-1.2338067,0.8869701
3042,-2.615374,0.48576072
3043,-0.5600678,0.8543656
3044,-2.3005424,0.5765136
3045,-3.3848443,0.7291975
3046,-1.3824838,0.73631847
3047,-2.4294748,0.47314912
3048,-2.028735,0.7994107
3049,-2.3121417,0.52124023
3050,-1.7624373,0.7613101
3051,-1.6304747,1.2912811
3052,-3.1187863,0.5229298
3053,-1.1465256,1.0058117
3054,-0.8530239,0.77455646
3055,-3.1023393,0.43316543
3056,-1.9901232,0.8872564
3057,-1.6996776,0.78953177
3058,-2.1364944,0.35062265
3059,-1.7536582,0.44237348
3060,-2.7107363,1.2716403
3061,-2.4739525,0.4118879
3062,-1.9064288,0.8028026
3063,-0.3984032,0.97360533
3064,-1.7414938,0.75616544
3065,-2.370849,0.48578393
3066,-0.83501923,0.813645
3067,-2.653308,0.96771353
3068,-1.3927158,0.72350156
3069,-1.7490164,0.79318905
3070,-3.0702126,0.55085534
3071,-1.0720841,0.9314491
3072,-2.4290304,0.46303695
3073,-0.70513076,0.93701565
3074,-1.5295011,0.8015487
3075,-2.022962,0.7861706
3076,-2.5905619,0.4131657
3077,-0.6091834,0.9255029
3078,-1.6231396,0.72601944
3079,-2.5597627,0.47443336
3080,-2.420175,0.48820373
3081,-1.6003168,0.9832577
3082,-3.278641,0.52265394
3083,-2.7301276,1.139344
3084,-1.7169365,0.72537297
3085,-1.0642906,0.6985488
3086,-2.0915492,1.2077961
3087,-1.1422553,0.66146916
3088,-2.3806202,0.4247605
3089,-1.968862,0.85377145
3090,-2.7746005,0.52479976
3091,-2.6019454,0.5932048
3092,-2.0757287,0.36845076
3093,-2.2485926,0.8743187
3094,-1.3079256,0.7152711
3095,-1.2477871,0.99596363
3096,-3.3204381,0.56207174
3097,-2.1286645,0.46391883
3098,-1.4608731,0.6821228
3099,-1.2806511,1.189679
3100,-0.9438948,0.81335104
3101,-1.5241501,0.795609
3102,-1.4240236,0.9003797
3103,-0.9804224,0.7625481
3104,-2.2113297,1.1134945
3105,-2.9567204,0.5356154
3106,-2.8682177,0.33785206
3107,-1.380462,0.88173324
3108,-2.0319855,0.777031
3109,-2.8052573,0.54370666
3110,-2.9914634,0.49584597
3111,-2.7186587,0.5289303
3112,-2.5068748,0.46248418
3113,-2.6530962,0.44246534
3114,-3.108141,0.7765464
3115,-2.1599367,0.49013093
3116,-1.4274803,0.68939877
3117,-0.81322026,0.7048986
3118,-2.0732882,0.711714
3119,-2.2606328,0.991772
3120,-2.2040544,1.0124364
3121,-0.9129105,0.7625673
3122,-2.5863557,0.44179773
3123,-0.81124955,0.8282126
3124,-2.9045224,0.469354
3125,-1.1182604,1.470325
3126,-1.9445926,0.4834372
3127,-3.2045243,0.59567577
3128,-2.7268853,0.46967587
3129,-2.3820827,0.39012724
3130,-1.2226697,0.6397587
3131,-1.6802574,0.7937498
3132,-2.8629165,0.57098967
3133,-3.6256292,0.5210611
3134,-0.7554815,0.7102851
3135,-1.9752673,0.75253564
3136,-2.7513807,0.43064353
3137,-1.7076434,0.9729711
3138,-1.1265777,1.1007574
3139,-0.67716414,0.8054061
3140,-1.9336835,0.76691204
3141,-1.0406097,0.8341402
3142,-1.6750313,0.95418227
3143,-1.991078,0.89575285
3144,-2.261755,0.46498856
3145,-3.3893042,0.4613131
3146,-2.8159134,1.0966587
3147,-2.2429173,0.44803607
3148,-2.6734498,0.48674667
3149,-1.5151372,0.8456707
3150,-1.8157806,0.7515567
3151,-1.974266,0.83360374
3152,-1.4540946,0.82561773
3153,-1.1125804,1.0690366
3154,-2.3322933,0.42603937
3155,-2.5900512,0.585508
3156,-2.59607,1.4210317
3157,-2.8636727,1.1282457
3158,-1.9356416,0.9705996
3159,-2.8784823,0.662907
3160,-2.8950913,1.0612128
3161,-2.00679,0.7969415
3162,-1.095721,0.9002989
3163,-2.180585,0.3849566
3164,-0.6876052,0.7991813
3165,-2.5442953,0.4723744
3166,-1.6897476,1.0007368
3167,-1.0977716,0.7440026
3168,-1.9992492,0.36377916
3169,-2.9295032,0.4749685
3170,-2.3181493,0.7439919
3171,-1.0270934,0.94675976
3172,-1.872252,0.87986356
3173,-2.2370384,0.70200706
3174,-1.7534096,0.93204075
3175,-2.261862,0.7890107
3176,-2.5634289,0.5367536
3177,-1.6699948,1.2142928
3178,-1.9261367,0.8808803
3179,-2.2967768,0.47897172
3180,-1.3285706,0.80657625
3181,-2.4527617,0.33479723
3182,-1.0741218,0.6590906
3183,-2.7623992,0.46831423
3184,-2.6848252,0.50394046
3185,-2.672855,0.4897343
3186,-1.500024,0.81019956
3187,-2.3370738,0.45748374
3188,-2.518763,0.421725
3189,-1.7736864,0.7201889
3190,-1.4971126,0.8514904
3191,-1.6392246,0.8456281
3192,-2.2449718,0.72864205
3193,-2.9883685,0.48563787
3194,-2.5401902,0.4836809
3195,-3.136727,0.60594285
3196,-2.4982553,0.47276518
3197,-1.1402513,0.9689525
3198,-1.4416244,0.81699604
3199,-1.0046712,1.6584116
3200,-1.0179058,0.83689886
3201,-0.9194777,0.790924
3202,-1.5640275,0.75322306
3203,-2.093609,0.85927767
3204,-2.6132693,0.54752475
3205,-2.1262627,0.35005587
3206,-1.9449295,0.7718293
3207,-1.9655545,0.77823
3208,-1.8641914,0.8618224
3209,-1.9368033,0.6876472
3210,-1.8934379,0.99070174
3211,-1.9475745,0.82496315
3212,-2.114995,1.0073743
3213,-1.7905658,0.7992158
3214,-1.4813038,0.877879
3215,-1.4523603,1.1548125
3216,-1.9886911,0.86655277
3217,-1.8379686,0.9400513
3218,-3.0551593,0.6025505
3219,-1.7566273,0.8518063
3220,-1.6850325,0.81788
3221,-2.223397,0.56841356
3222,-2.4844298,0.45553645
3223,-1.328311,0.76858515
3224,-2.8491025,0.49883628
3225,-2.177888,0.5601585
3226,-1.8487507,0.7088663
3227,-2.0581512,1.0162525
3228,-2.5302842,0.5010533
3229,-2.9790976,1.0419837
3230,-1.476448,0.7993478
3231,-1.008327,0.8200383
3232,-2.860835,0.5006675
3233,-2.9466193,0.45375624
3234,-2.5092669,0.47689703
3235,-0.94033897,0.79599464
3236,-1.1902351,1.30263
3237,-2.287945,0.88562375
3238,-2.3685913,0.40818352
3239,-2.2720337,0.33865386
3240,-2.2564688,1.0342553
3241,-2.6038015,0.5052308
3242,-2.775008,1.4114192
3243,-1.5615765,0.75774086
3244,-2.6040936,0.36901233
3245,-2.843811,0.46457872
3246,-1.6626506,1.1829579
3247,-2.7834268,1.3715676
3248,-1.0540707,0.67194104
3249,-1.0735698,0.9244453
3250,-1.8932637,1.6246923
3251,-1.6891817,0.9442396
3252,-2.344266,0.51131374
3253,-2.3196406,0.41691795
3254,-1.2724551,0.6905015
3255,-2.4053934,0.46377626
3256,-1.5311481,0.73106986
3257,-2.3644993,0.40115312
3258,-1.6111945,0.8716801
3259,-2.7502038,0.5930464
3260,-2.1117578,0.8484231
3261,-0.9662361,0.7245288
3262,-1.324714,0.98476475
3263,-2.7405286,0.5014772
3264,-1.8290787,0.6978754
3265,-2.2247295,0.7956421
3266,-1.900845,0.86543685
3267,-0.91040397,0.85823274
3268,-1.1538166,0.73359025
3269,-1.4961427,0.97688293
3270,-0.76741225,0.70970213
3271,-2.9130447,1.0561072
3272,-2.6633778,0.5591787
3273,-1.8805816,0.87243575
3274,-1.585023,0.84038496
3275,-2.2718873,0.41433626
3276,-1.8034885,0.7861409
3277,-2.252512,0.44544783
3278,-0.9789477,0.87141246
3279,-3.1020744,0.5854194
3280,-2.472717,0.34827468
3281,-1.6641014,0.7749635
3282,-1.9186038,0.8573396
3283,-1.2305287,0.6820918
3284,-1.9741398,0.9337705
3285,-1.5475786,0.87242985
3286,-2.305885,0.4030741
3287,-2.2953598,0.356959
3288,-2.3217003,0.5352385
3289,-1.6805673,0.7625875
3290,-2.9777045,0.49184066
3291,-2.6934521,0.623853
3292,-2.29864,0.5060893
3293,-2.1569698,0.93734497
3294,-2.286428,0.39629775
3295,-1.3725348,0.8373676
3296,-2.551005,0.68006516
3297,-2.0825884,0.8963064
3298,-1.8184693,0.893271
3299,-2.7132783,0.54795295
3300,-2.034324,0.38001528
3301,-2.675655,0.4766353
3302,-1.4086419,0.7442644
3303,-2.2789366,1.4672686
3304,-3.020385,0.5401943
3305,-2.759506,0.4151961
3306,-0.8509623,0.78310174
3307,-1.798644,0.89751756
3308,-2.3365805,0.94453734
3309,-2.4004314,1.115698
3310,-2.2962952,0.9526479
3311,-3.244416,0.4280605
3312,-2.8255496,0.4990537
3313,-2.4986112,0.45227385
3314,-2.4513283,0.5545156
3315,-2.9265537,0.49112448
3316,-1.8711569,0.87270206
3317,-3.0609732,0.5735806
3318,-1.5947969,1.2495337
3319,-2.653451,0.44815478
3320,-2.9187937,0.50365585
3321,-2.1079435,0.3949211
3322,-2.1777236,1.0308926
3323,-2.698886,0.55445075
3324,-1.6942999,0.80938935
3325,-2.2106817,0.8252799
3326,-2.353756,1.1767272
3327,-2.1020014,1.0964736
3328,-2.7411432,0.63931024
3329,-0.51621705,0.6969781
3330,-2.2132163,0.41045707
3331,-2.0745878,0.9329831
3332,-2.7435737,0.4274572
3333,-2.2835314,0.34186503
3334,-1.7645954,0.8235202
3335,-1.9644018,0.82493
3336,-1.5270586,0.8608889
3337,-2.5563042,0.3586692
3338,-1.0520512,0.9765609
3339,-2.3815157,0.46888492
3340,-2.9528496,0.57972246
3341,-1.219115,0.8384948
3342,-2.5707161,0.98346317
3343,-2.9921339,1.2079291
3344,-1.2814325,0.74341184
3345,-2.3413918,1.4600468
3346,-2.0869672,0.90290695
3347,-2.426808,0.42333034
3348,-2.0867908,0.9783018
3349,-1.731204,0.9109307
3350,-1.8978419,0.8144329
3351,-2.776217,0.5027856
3352,-1.8746257,0.938753
3353,-2.163688,0.84457254
3354,-1.7154278,0.7293339
3355,-3.2270854,0.5156974
3356,-1.9994178,0.8622252
3357,-2.7762916,0.5840962
3358,-0.8289544,0.7658898
3359,-2.4145763,0.5277687
3360,-2.827191,0.44752622
3361,-2.782971,0.8882544
3362,-1.4985203,0.7671815
3363,-2.0833645,0.5008992
3364,-1.5176616,0.8071213
3365,-2.5315993,0.38653326
3366,-0.95579803,1.0415502
3367,-1.5244184,0.7380305
3368,-1.2900602,0.84723926
3369,-2.6672962,0.39541912
3370,-2.031029,0.8042265
3371,-2.100306,1.0166842
3372,-1.10291,0.8398008
3373,-1.9336149,0.3628618
3374,-1.9151013,0.82399726
3375,-2.6877303,0.58086735
3376,-2.57843,0.49752548
3377,-2.2743645,0.40362182
3378,-1.7271136,0.8755619
3379,-2.189386,0.4290197
3380,-2.002513,0.7849223
3381,-1.5323809,0.88431656
3382,-1.9095045,1.1166778
3383,-1.0482353,1.045972
3384,-1.2752959,0.95499766
3385,-2.472935,0.45543626
3386,-2.7573419,0.64014906
3387,-2.643254,0.49561918
3388,-1.2184142,0.8333272
3389,-2.0922096,0.8596641
3390,-1.5598484,0.76288956
3391,-1.0803546,0.90426224
3392,-1.7780806,0.80706966
3393,-2.8441434,0.46621972
3394,-2.786852,0.51345986
3395,-2.768883,0.4393024
3396,-1.3920512,0.8996916
3397,-2.616335,0.86372566
3398,-1.1646953,0.96510947
3399,-1.4842068,0.8688346
3400,-2.7110136,0.42822477
3401,-1.5557356,0.8393441
3402,-0.66453385,0.822263
3403,-0.7800013,0.7832479
3404,-1.5821481,0.8482188
3405,-2.4209669,1.3478826
3406,-2.2511091,0.41523963
3407,-2.4996681,0.49552265
3408,-1.9716392,0.798756
3409,-1.2154014,1.0695577
3410,-1.7614933,0.8478772
3411,-1.137454,0.787802
3412,-2.0204206,0.81297916
3413,-1.5652608,0.8111072
3414,-2.5159986,0.4542091
3415,-1.6689612,0.7940089
3416,-2.7261844,0.47992116
3417,-1.9162863,0.87517416
3418,-1.5004091,1.1242554
3419,-2.776049,0.49931532
3420,-2.5138493,0.5494493
3421,-2.7852404,0.4935811
3422,-1.796295,0.9771764
3423,-2.2207847,0.8451806
3424,-1.2256624,1.0042039
3425,-2.793129,0.48860368
3426,-1.760701,1.0648093
3427,-1.7670844,0.796056
3428,-1.3608354,0.7747325
3429,-1.375856,1.1131766
3430,-2.1165807,0.3541934
3431,-1.3283168,0.7879305
3432,-2.8533256,0.4272706
3433,-1.3061157,0.7621094
3434,-2.1221154,1.0604446
3435,-1.036564,0.9550855
3436,-2.768567,0.56911695
3437,-2.3805597,0.43240002
3438,-2.109474,0.44398212
3439,-2.165557,1.0032433
3440,-2.9258394,0.51839197
3441,-2.4076269,1.0068699
3442,-0.89485985,0.9179265
3443,-2.4296072,0.42219594
3444,-1.3894625,0.81562525
3445,-2.0033674,0.9528552
3446,-1.4485477,1.0400578
3447,-1.8989657,0.9601524
3448,-1.8833404,0.67025816
3449,-1.832665,0.9561782
3450,-1.5745289,1.5285873
3451,-2.7112882,0.44043726
3452,-0.6383341,0.8382806
3453,-2.4283874,0.34977856
3454,-3.2628279,0.528438
3455,-2.7628336,0.43337107
3456,-0.3350566,0.91412747
3457,-2.1551814,0.9860561
3458,-2.2968714,0.37172407
3459,-1.6747774,1.2947267
3460,-2.3931024,0.47463724
3461,-2.4750059,0.9255321
3462,-0.8892151,0.71285146
3463,-1.2594345,1.0714362
3464,-3.149945,0.5887123
3465,-2.1527624,0.37122986
3466,-1.6215546,1.2304024
3467,-0.8164866,0.72827196
3468,-2.9644492,0.48503852
3469,-1.7424483,0.84685826
3470,-1.0266844,1.076344
3471,-1.8184444,1.0369238
3472,-1.7397354,0.7790356
3473,-2.4173133,0.8680151
3474,-3.0567417,0.5451173
3475,-1.5696295,0.6494185
3476,-1.5372757,0.9545117
3477,-1.5143521,1.0140135
3478,-2.2869244,0.9678475
3479,-1.6354963,1.0557991
3480,-1.6836805,0.8048885
3481,-2.707861,0.8792987
3482,-1.0854801,0.7283264
3483,-2.4995234,1.1279185
3484,-2.0946681,0.87402415
3485,-1.5417427,0.9895948
3486,-0.9885322,1.1403774
3487,-2.5611734,0.99775636
3488,-2.7496383,0.56829214
3489,-1.7474694,0.9388384
3490,-1.7071742,0.8343569
3491,-0.8720475,0.6645337
3492,-3.0690122,0.48999438
3493,-1.2163256,0.80016994
3494,-0.6171969,0.714487
3495,-1.8175464,0.8141771
3496,-2.236835,0.43233183
3497,-2.0007162,0.66732484
3498,-1.3130393,0.87890667
3499,-1.7605902,0.59791005
3500,-2.4938745,0.41011256
3501,-2.3929565,0.77150154
3502,-1.7773995,0.6893831
3503,-2.4421294,0.9664799
3504,-2.7337842,0.42448604
3505,-2.8269782,0.5185664
3506,-2.8058376,0.8262539
3507,-1.4558394,1.0407797
3508,-2.4690123,0.8547824
3509,-1.8489051,0.83436024
3510,-2.5846415,0.43303797
3511,-3.0658922,0.4409339
3512,-2.0531516,0.7809787
3513,-1.6742595,1.3406909
3514,-2.5899503,0.47518158
3515,-0.98807657,0.8316718
3516,-2.613125,0.41476423
3517,-2.5517995,0.6223122
3518,-2.7744324,0.41152564
3519,-2.923694,0.4996569
3520,-2.5049508,0.60515475
3521,-3.260849,0.5126864
3522,-1.0649955,0.64775544
3523,-1.7006019,0.6822597
3524,-1.1730614,0.8454128
3525,-2.8171704,0.5012304
3526,-1.1531564,0.8365037
3527,-2.0111637,1.368492
3528,-3.1863434,0.49903986
3529,-1.3669816,0.8164351
3530,-2.6093128,0.42774585
3531,-1.8487571,1.385344
3532,-2.4102027,0.48300445
3533,-2.9411323,0.48734382
3534,-2.4357443,0.8068755
3535,-1.2350768,0.8980563
3536,-1.733957,0.9466107
3537,-1.8411542,0.98688394
3538,-2.0082588,1.4464282
3539,-1.7209183,0.6881134
3540,-2.6952949,0.5527991
3541,-2.4435465,0.5128741
3542,-1.7025055,0.8073247
3543,-1.4906117,0.85259086
3544,-2.6070688,0.46237907
3545,-2.0669537,0.91605276
3546,-2.5401847,1.4361594
3547,-2.069002,0.9055727
3548,-2.0251942,0.9397693
3549,-1.4899929,0.9444704
3550,-0.6699943,0.7767731
3551,-0.7162769,0.65557534
3552,-2.5747297,0.89526594
3553,-2.5154772,0.465253
3554,-1.7928587,0.75565624
3555,-2.639035,0.52265835
3556,-1.2924837,0.8546671
3557,-2.1647918,1.5029415
3558,-1.7576599,0.7763554
3559,-1.2556779,0.863436
3560,-2.317928,0.89376456
3561,-2.109786,0.6898184
3562,-2.7782528,0.569959
3563,-1.9425355,0.8352714
3564,-2.2412896,0.44533557
3565,-3.1719077,0.95058554
3566,-2.4152958,0.4148363
3567,-1.5060025,0.67332006
3568,-1.2708966,1.2376126
3569,-1.9363754,0.8014189
3570,-2.0967212,0.4033134
3571,-1.6558647,0.9272489
3572,-1.247738,0.70219076
3573,-0.7893492,0.8361298
3574,-1.2411373,0.7528964
3575,-2.4023964,0.45795926
3576,-1.8646206,0.923022
3577,-2.3570375,0.39076743
3578,-1.527536,0.6896107
3579,-1.7040467,0.8451755
3580,-2.8662293,0.5154506
3581,-2.8004344,0.5971053
3582,-1.1244636,0.8432982
3583,-2.205303,0.5428823
3584,-2.5902405,0.89894307
3585,-1.165814,0.90527296
3586,-1.587909,0.81657
3587,-2.2110806,0.79948074
3588,-1.2354743,1.0041524
3589,-2.1825342,0.707389
3590,-3.1974506,0.48007965
3591,-1.1977928,0.9852878
3592,-3.0309143,0.5170229
3593,-2.6984417,0.51153946
3594,-3.0239265,0.4803612
3595,-2.6636114,0.611677
3596,-1.5318605,0.78147244
3597,-2.1981542,1.1202539
3598,-2.8638701,0.44742742
3599,-2.3434324,0.39724186
3600,-2.1138551,0.8393258
3601,-1.7545171,0.9433183
3602,-1.8597054,1.2078255
3603,-2.617936,0.5123551
3604,-1.6882892,0.93238556
3605,-2.7044232,0.56343514
3606,-1.9322677,1.3018081
3607,-2.0821302,0.39038956
3608,-2.5456843,0.46165985
3609,-2.3591855,0.8759582
3610,-2.8408937,0.42482215
3611,-0.8611459,1.016284
3612,-2.7709873,0.49345958
3613,-1.2021663,0.86392504
3614,-1.7300751,1.3831704
3615,-2.1308622,0.9539077
3616,-1.126783,0.7465386
3617,-2.633317,0.45388368
3618,-2.3985102,0.49278137
3619,-1.9605873,1.0189462
3620,-1.862068,0.40539142
3621,-1.7122341,0.87744147
3622,-1.5715233,0.9331704
3623,-2.8215332,0.49886528
3624,-2.2023396,0.79438615
3625,-1.6628325,1.119539
3626,-2.7094278,0.41390273
3627,-1.4904459,0.86943454
3628,-2.7535949,0.6348506
3629,-2.1763449,0.7964698
3630,-1.4811908,0.76178813
3631,-0.9367675,0.82733333
3632,-2.2454097,0.4146557
3633,-1.5486505,0.7347743
3634,-2.350929,0.8772995
3635,-2.4182105,0.43594036
3636,-1.4050807,0.70745516
3637,-1.6851768,1.0081147
3638,-2.5364797,0.4338584
3639,-2.217122,0.38973257
3640,-0.7728028,0.75568664
3641,-2.522336,0.4010278
3642,-2.2022064,0.7772399
3643,-0.93612933,0.7762382
3644,-2.0390327,0.42177165
3645,-1.6591382,0.7555224
3646,-2.3028843,0.43019888
3647,-1.0531058,0.8103023
3648,-1.3995519,0.8228733
3649,-1.9319824,0.8344665
3650,-2.9756968,0.5294508
3651,-1.3731265,0.7057543
3652,-2.7342904,0.33401272
3653,-0.33210778,0.9265195
3654,-1.7602724,0.83328545
3655,-2.0821657,0.8096302
3656,-2.6040957,0.42977452
3657,-2.036025,0.4209161
3658,-3.6841755,0.5310187
3659,-2.2526903,0.41549617
3660,-2.8742862,0.5345062
3661,-1.2733331,0.90358543
3662,-1.1127487,0.74991924
3663,-1.1893182,0.68133765
3664,-1.1449807,0.82436454
3665,-2.7311409,0.9205791
3666,-2.4525073,0.5622038
3667,-2.4843273,0.39286125
3668,-2.5425384,0.5243051
3669,-2.384921,0.49152488
3670,-2.2440417,0.4151696
3671,-2.7987442,0.404354
3672,-3.306426,0.4882768
3673,-0.9343681,0.8114931
3674,-0.6815307,0.86694914
3675,-2.433446,0.48135844
3676,-2.6681106,0.4565933
3677,-1.598981,1.0517317
3678,-2.4410408,0.49908885
3679,-1.3278981,0.85604095
3680,-1.4829283,1.0273541
3681,-2.1454444,0.643404
3682,-2.6537066,1.1420393
3683,-1.8489591,0.80601484
3684,-1.9325211,1.0869989
3685,-2.3425329,0.9349331
3686,-2.0902565,0.92497796
3687,-2.3792105,0.47323328
3688,-2.4893305,0.43115258
3689,-2.2237558,0.37877384
3690,-2.9154754,0.41422665
3691,-1.845157,0.85223925
3692,-2.15263,1.3056537
3693,-2.1135468,0.700811
3694,-3.6050196,0.668279
3695,-2.5402257,0.5222418
3696,-3.1651995,0.51880085
3697,-2.5255544,0.50802225
3698,-2.6093333,0.45895743
3699,-2.38578,0.6845198
3700,-1.6038928,1.109121
3701,-2.414151,0.8525884
3702,-2.203251,0.8385496
3703,-1.2517154,0.83389187
3704,-1.5841193,0.8160693
3705,-1.4928986,0.9823958
3706,-1.4286163,0.8942938
3707,-1.7411618,1.0223644
3708,-1.3962033,0.78524774
3709,-1.0506387,1.166355
3710,-1.8861336,0.450255
3711,-1.7725921,0.92213583
3712,-2.2191637,0.8582174
3713,-2.985007,0.59878755
3714,-2.5051794,0.49119174
3715,-2.3288467,0.47683534
3716,-1.8454642,0.80245215
3717,-1.9817826,0.89733654
3718,-2.5428655,0.40143833
3719,-2.6119072,0.4634213
3720,-2.283497,0.38677227
3721,-2.0107331,0.40983433
3722,-2.5835013,1.1615753
3723,-1.6848317,0.69244015
3724,-1.7864087,0.84026045
3725,-1.8556384,0.9497157
3726,-1.6547446,0.7630148
3727,-1.3611081,0.88024974
3728,-1.611307,0.73063284
3729,-1.4922342,0.72505456
3730,-2.1511025,0.36668417
3731,-1.2976921,0.72070235
3732,-1.5301949,0.9308638
3733,-2.1591356,1.1753147
3734,-1.274648,0.7146367
3735,-2.5837612,0.5088409
3736,-2.9953337,0.509656
3737,-1.2875704,0.69403315
3738,-2.4529026,0.37827134
3739,-1.2858484,0.9115841
3740,-2.381092,0.9025889
3741,-1.1373429,0.9042417
3742,-3.3142648,0.5451093
3743,-2.5086083,1.3984786
3744,-1.360453,0.96270794
3745,-2.485184,0.5046752
3746,-2.7233157,1.0259966
3747,-3.0150476,0.94762796
3748,-1.2556745,0.8496466
3749,-3.081984,0.57773226
3750,-0.8179611,0.965035
3751,-1.7657608,0.75945354
3752,-0.54075277,0.878078
3753,-2.6783915,0.8204698
3754,-2.3929842,0.4037056
3755,-1.0731721,0.6894644
3756,-2.637442,1.0619239
3757,-2.5855715,0.9822323
3758,-2.1005208,0.791366
3759,-1.5287683,0.84203774
3760,-1.7566428,0.81887865
3761,-1.7975509,0.8283727
3762,-2.381278,0.4934349
3763,-1.1246998,0.68439627
3764,-2.3043265,0.5456004
3765,-1.169801,0.6490713
3766,-1.5064639,0.7870542
3767,-2.8729663,0.4687968
3768,-1.1971185,0.82209957
3769,-1.4948223,0.89280295
3770,-2.0141492,1.0132574
3771,-2.202358,0.5189959
3772,-1.7488549,0.87903655
3773,-1.7923895,1.0619973
3774,-2.0400202,0.7806695
3775,-2.6671495,0.44366017
3776,-2.9371629,0.44039878
3777,-2.5253437,0.3541605
3778,-1.8800594,0.87603635
3779,-2.6711364,0.5871361
3780,-2.497588,0.44556168
3781,-1.4885814,0.687114
3782,-2.356143,0.92606664
3783,-2.5734153,0.43337902
3784,-1.2831085,0.7561891
3785,-3.421623,0.5477821
3786,-0.97978485,0.74244076
3787,-1.7736065,0.8222653
3788,-3.239817,0.5659866
3789,-1.1399175,0.7708762
3790,-2.5265613,0.5026551
3791,-2.4246898,0.54848063
3792,-1.4631739,0.75583136
3793,-2.8840232,0.5384061
3794,-1.746238,0.8385214
3795,-2.1728826,0.42491677
3796,-1.2031655,0.75317633
3797,-2.7062774,0.48815954
3798,-2.8189857,1.0140204
3799,-1.168737,0.80649185
3800,-1.6977403,0.79547757
3801,-1.2024394,0.8071533
3802,-2.875583,0.5794359
3803,-1.6422167,0.97136086
3804,-2.9212081,0.5436477
3805,-1.9399966,0.4509673
3806,-2.245052,0.4045857
3807,-3.2109623,0.5045916
3808,-1.7703327,1.1186792
3809,-1.3897308,1.0787119
3810,-2.4767199,0.39068016
3811,-0.89970934,0.61376953
3812,-2.4324753,0.9016422
3813,-2.6424613,1.2060014
3814,-3.0205789,0.45979127
3815,-2.0831897,0.7262779
3816,-1.4070891,1.0981463
3817,-2.1011894,0.38101435
3818,-1.205359,0.845614
3819,-2.6225693,0.830738
3820,-2.7728546,0.45886564
3821,-2.345314,0.41388783
3822,-1.062893,0.7459837
3823,-2.134108,0.91047806
3824,-2.3670495,0.9151536
3825,-1.02507,1.379795
3826,-1.4862288,0.8962168
3827,-2.3548205,0.39275703
3828,-1.3904097,0.8499557
3829,-2.7748258,0.43189132
3830,-1.5609974,0.8243782
3831,-0.7126906,0.6959109
3832,-3.145385,0.53266466
3833,-1.6900867,0.9418394
3834,-1.9306314,0.9855881
3835,-1.1360343,0.8079338
3836,-2.4357288,0.42693666
3837,-2.4589624,1.0034367
3838,-1.7936803,0.815165
3839,-2.586256,0.42608264
3840,-1.537133,0.6508084
3841,-2.3456435,0.48769376
3842,-1.9158745,0.877522
3843,-2.247607,0.45014372
3844,-1.7478794,0.64528227
3845,-1.3037876,0.75320137
3846,-2.855661,0.4408365
3847,-2.3478224,1.0480335
3848,-1.1164628,0.7482875
3849,-3.3908615,0.562686
3850,-1.7163957,1.3099592
3851,-1.4693571,0.7304124
3852,-2.6473432,0.4372431
3853,-1.9459643,0.8587021
3854,-2.6792977,0.84977984
3855,-1.5643783,0.6542026
3856,-1.2983246,0.68710595
3857,-2.6619139,0.5378912
3858,-3.033629,0.54241943
3859,-2.6768548,0.6387258
3860,-2.6530035,0.47080585
3861,-0.8631095,0.9272476
3862,-2.2868536,0.8708898
3863,-2.675007,0.46670064
3864,-2.266882,0.46702924
3865,-0.9854761,1.3106585
3866,-2.0863802,0.73535985
3867,-3.2909088,0.5198091
3868,-2.5432923,0.5346213
3869,-1.0771993,0.8408967
3870,-2.3002198,0.46815506
3871,-2.7638962,0.4684027
3872,-2.4153461,0.9192012
3873,-3.5173788,1.655535
3874,-2.3765786,0.4695124
3875,-1.6006547,0.8660708
3876,-1.3109026,0.7327608
3877,-0.84357864,0.79418284
3878,-1.2026916,0.95294344
3879,-1.4334279,0.74656546
3880,-1.211221,0.6558245
3881,-1.6161183,0.8699298
3882,-2.233363,0.8811792
3883,-2.112926,1.3671693
3884,-2.7870524,0.54855424
3885,-2.8042636,0.62450904
3886,-2.2272065,0.4537154
3887,-3.115405,0.5206622
3888,-2.9912066,0.5046093
3889,-2.0601063,0.5453642
3890,-2.1112177,0.43214473
3891,-1.6322838,0.97143775
3892,-2.550863,0.42138448
3893,-1.0224485,0.8684119
3894,-1.2143922,1.1972086
3895,-1.5899806,0.858273
3896,-2.9589627,1.1441748
3897,-2.1798413,0.88196254
3898,-2.053042,0.3907373
3899,-1.979173,0.41955388
3900,-3.0995715,0.49628773
3901,-3.6261847,0.66613567
3902,-2.1153097,0.81049466
3903,-1.5978869,0.77026033
3904,-2.2773423,0.37187937
3905,-0.64346504,0.72101396
3906,-1.7714254,0.8035865
3907,-1.531515,0.83639824
3908,-2.72229,0.5152064
3909,-1.8140669,0.7854469
3910,-1.9395125,0.927544
3911,-2.4303179,0.4648206
3912,-2.617653,0.45989895
3913,-1.4927049,0.85198045
3914,-1.6541431,0.7837549
3915,-2.6616025,1.0230416
3916,-1.8033904,1.1457404
3917,-2.5955682,0.41328242
3918,-3.1004746,0.5234925
3919,-1.6300546,0.96803045
3920,-2.465232,0.8580277
3921,-2.386687,0.4226672
3922,-0.29092675,0.8464301
3923,-1.8579465,0.6933974
3924,-3.0898483,0.547834
3925,-1.9897931,0.9062492
3926,-2.5118427,0.4162294
3927,-2.4670062,0.49731743
3928,-2.9787626,0.40887097
3929,-0.7155053,0.8711511
3930,-2.5888262,0.428606
3931,-1.6384844,0.69198847
3932,-2.6741455,0.52659994
3933,-2.6367774,0.42125514
3934,-1.7645139,0.69080603
3935,-1.756891,0.77482766
3936,-1.1819519,0.75896746
3937,-2.6807554,0.51767606
3938,-2.5244565,0.67314345
3939,-2.2903466,0.44005308
3940,-2.8072631,0.4860552
3941,-1.9462315,1.1294084
3942,-2.6093645,0.49222395
3943,-2.7879956,0.41097975
3944,-1.3340584,0.8522414
3945,-1.3399218,0.7426267
3946,-1.4177356,1.1492505
3947,-2.2373352,0.9509675
3948,-1.7797607,0.77127665
3949,-2.0090342,0.8168283
3950,-1.6521211,1.1865885
3951,-1.8067397,1.3947158
3952,-2.771348,0.48458958
3953,-1.4382524,0.8991042
3954,-2.7551293,0.4923984
3955,-2.0567043,0.93625593
3956,-1.6220882,1.1262391
3957,-1.0210603,0.97613233
3958,-2.5168478,0.44476208
3959,-2.474304,0.42876145
3960,-2.1979444,0.9453461
3961,-2.748259,0.41755512
3962,-1.3313327,0.76205426
3963,-2.627168,0.52642864
3964,-2.58379,0.6399537
3965,-1.783389,0.8813039
3966,-2.877178,0.4755535
3967,-1.3731704,0.9752858
3968,-2.1952224,0.3787475
3969,-2.8358505,0.49499083
3970,-3.3479764,1.0650992
3971,-1.5096393,0.68873143
3972,-1.3526095,0.79129255
3973,-2.519614,0.6855484
3974,-1.7090921,1.4340793
3975,-2.3940094,1.0579542
3976,-1.2892641,0.96687305
3977,-1.239752,0.8316659
3978,-1.6421628,1.2286553
3979,-1.214619,0.7558327
3980,-2.4579046,0.5221686
3981,-1.6006018,0.9505199
3982,-0.9027155,0.7801696
3983,-2.0740108,0.44170028
3984,-1.3606397,0.8961852
3985,-0.2584373,0.9412939
3986,-2.158965,0.7679295
3987,-0.9653945,0.8666247
3988,-2.1991923,1.1643099
3989,-2.4430256,0.5483968
3990,-2.3274279,0.41540188
3991,-1.4817417,0.7169218
3992,-2.1963472,0.44791913
3993,-2.694411,0.457643
3994,-1.7588186,0.97897303
3995,-2.03336,0.40083775
3996,-1.8959814,0.38862368
3997,-2.3004544,1.0673461
3998,-1.9314057,0.83728325
3999,-2.9495814,0.68099034
4000,-1.6718444,0.7278872
4001,-2.4472952,0.46735364
4002,-2.8322537,0.45204282
4003,-1.0568793,0.86085826
4004,-1.1503907,0.6991279
4005,-1.0334082,1.1313102
4006,-1.3923448,0.96185356
4007,-1.674154,0.27492103
4008,-1.0704062,1.0180131
4009,-1.7547772,0.82726514
4010,-2.6809034,0.5070284
4011,-1.9641013,0.942572
4012,-3.0501075,0.44574443
4013,-1.3742131,0.8288532
4014,-1.2311764,0.889672
4015,-0.67830443,0.81115395
4016,-2.0605664,1.3224311
4017,-2.8487267,0.4868636
4018,-1.9408244,0.38557371
4019,-2.9987423,0.5793371
4020,-1.7642407,0.99272674
4021,-1.3412797,0.80971897
4022,-1.5123305,0.79666495
4023,-3.3008554,0.47338393
4024,-0.8968566,0.8246859
4025,-2.0252771,0.81686854
4026,-1.1233854,0.7071248
4027,-2.8077674,0.46134233
4028,-1.2456162,0.9155685
4029,-3.0521042,0.4004645
4030,-1.541633,0.82870394
4031,-2.220779,0.9228155
4032,-1.3699416,1.2617654
4033,-1.3299135,0.77707815
4034,-2.8403356,0.41714853
4035,-1.1900721,0.7127329
4036,-1.2911929,0.66445386
4037,-2.5489805,0.50386035
4038,-2.2947733,0.38744894
4039,-1.7616824,0.8888399
4040,-1.9945235,0.7186027
4041,-2.7731802,0.4545972
4042,-1.9406166,0.7708147
4043,-2.6701603,0.4070466
4044,-1.7863326,0.80166155
4045,-2.5531745,0.44418535
4046,-2.6508093,0.58901507
4047,-1.4939498,0.8157245
4048,-0.81308275,0.7268401
4049,-2.5157537,0.53938866
4050,-1.3032593,0.7136595
4051,-0.8952843,1.0039715
4052,-2.0983284,0.74603546
4053,-0.75237846,0.8886693
4054,-1.7003472,0.76465774
4055,-1.587288,0.7251025
4056,-1.1733547,0.78767043
4057,-1.3107977,1.1981922
4058,-2.1025543,0.9866752
4059,-1.5144,0.7409713
4060,-1.9182211,0.80131775
4061,-1.356318,0.81784976
4062,-2.0741253,0.8176801
4063,-1.1245177,0.6855715
4064,-2.5637171,0.39841452
4065,-1.1670243,0.7952401
4066,-2.6937006,0.44048893
4067,-2.2541595,0.837064
4068,-3.2667463,0.54703796
4069,-3.3996646,0.66365016
4070,-0.97985125,0.9446788
4071,-1.7885067,0.848217
4072,-1.9672009,0.8076945
4073,-2.3390543,0.4829501
4074,-1.593046,0.6664745
4075,-2.0555193,0.7752123
4076,-2.7177646,0.552968
4077,-1.0776701,0.91098017
4078,-3.6518335,0.71638256
4079,-2.4340444,0.4033946
4080,-1.6395822,0.9775938
4081,-2.0757928,1.037009
4082,-1.5753493,0.7578224
4083,-1.0681614,0.63838005
4084,-1.5898874,0.7878921
4085,-1.0812733,1.0608854
4086,-2.7044141,0.4883046
4087,-1.3469816,0.7298624
4088,-2.1483946,0.42163548
4089,-2.7086184,1.1254727
4090,-2.3715668,0.5837677
4091,-2.0981073,0.91550946
4092,-1.6181315,0.81902623
4093,-2.872608,0.56398976
4094,-2.7916653,0.44605282
4095,-1.9217769,0.7434397
4096,-2.129575,0.79632884
4097,-1.2847501,0.7165161
4098,-3.004778,0.47122884
4099,-3.0257022,0.57734853
4100,-1.9743648,0.4734189
4101,-3.01646,0.4809755
4102,-2.006948,0.9263426
4103,-1.7501658,0.7541673
4104,-2.5363255,0.8482542
4105,-1.089326,0.8927649
4106,-2.346335,0.47622377
4107,-1.6872233,0.902112
4108,-2.4030535,0.50302553
4109,-1.1877404,0.7478199
4110,-1.6472979,0.68025327
4111,-2.7892926,0.49880007
4112,-1.3741797,0.9703209
4113,-0.57909644,0.9058979
4114,-2.363354,0.985619
4115,-1.8161478,0.9032812
4116,-1.650692,0.7559031
4117,-1.8896254,1.0520098
4118,-2.1022456,0.8061735
4119,-2.674797,0.4613983
4120,-1.5219818,0.6681336
4121,-2.3280306,0.45125368
4122,-1.7671404,1.0814947
4123,-1.6070427,0.73966044
4124,-2.9810743,0.5239623
4125,-2.0629306,0.9282099
4126,-2.4262812,0.47029874
4127,-2.7088468,0.47396275
4128,-2.7689066,0.51918334
4129,-2.7736075,1.0645082
4130,-2.7018988,0.41716132
4131,-2.1829314,1.0909009
4132,-1.7325299,0.7640498
4133,-2.5615728,0.4393304
4134,-1.5686706,1.1670603
4135,-2.8523893,0.9523499
4136,-2.5313382,0.41350952
4137,-2.7213717,0.47203553
4138,-3.1300182,0.53156364
4139,-1.4797096,0.78255683
4140,-1.99705,0.47846475
4141,-1.820728,0.86276525
4142,-2.4815838,0.4601925
4143,-1.6292751,0.76472455
4144,-2.7104108,0.47365698
4145,-2.9832723,0.6598804
4146,-1.4867451,0.7566274
4147,-2.7201147,0.4928538
4148,-2.2085748,0.97860354
4149,-2.3405433,0.87713194
4150,-2.0493467,0.77846533
4151,-2.2047813,0.7167469
4152,-1.6642408,0.77223146
4153,-1.5431355,0.7193803
4154,-2.3366954,0.37979814
4155,-2.366857,0.51634336
4156,-0.8279068,0.84580034
4157,-3.2110522,0.6716793
4158,-3.2534769,0.63485926
4159,-2.5187056,0.44717094
4160,-2.5891378,0.5326721
4161,-2.6380134,0.52947986
4162,-2.4808543,1.4854612
4163,-0.72028655,0.9918085
4164,-2.9057891,0.52193916
4165,-1.1070436,0.8654282
4166,-1.7534802,0.7131064
4167,-1.7662121,0.9080577
4168,-2.7800171,0.45886457
4169,-2.545991,0.53493756
4170,-2.8185892,0.53067523
4171,-2.4224534,0.96810603
4172,-0.9131517,1.0063905
4173,-2.122298,0.9232985
4174,-2.534065,0.39617378
4175,-2.9221365,0.4988904
4176,-1.8647239,1.0736641
4177,-2.077668,0.7894665
4178,-1.3132726,0.7448334
4179,-1.5587355,0.88575196
4180,-0.8369539,0.68904555
4181,-1.7078617,0.9196538
4182,-2.0776556,0.48734957
4183,-1.9547955,0.86557156
4184,-2.1799126,0.6063324
4185,-0.89746374,0.74531716
4186,-1.9217485,0.3457478
4187,-1.5044328,1.069576
4188,-1.9812195,0.82531446
4189,-2.9026284,0.4181471
4190,-2.0337782,0.81050384
4191,-1.8517193,0.5864266
4192,-1.9548639,0.73664635
4193,-1.7707006,1.0139979
4194,-2.5785394,1.0894727
4195,-2.2585957,0.54912597
4196,-2.5889962,0.7824956
4197,-2.7268429,0.8424462
4198,-2.4031649,0.421574
4199,-1.8283098,0.69548863
4200,-3.3411622,0.61398906
4201,-1.0300875,0.8054406
4202,-2.0973423,1.224691
4203,-3.1537673,0.4802124
4204,-2.2547922,1.0428506
4205,-2.18989,0.4207106
4206,-1.0299684,0.95950496
4207,-2.0283272,0.71890736
4208,-2.7192981,0.42539528
4209,-1.4042892,0.7298381
4210,-1.5441017,1.0583909
4211,-2.5456114,0.39229575
4212,-2.4473445,0.44592404
4213,-2.4046712,0.5183504
4214,-1.7230252,0.8346033
4215,-2.6633027,0.5020381
4216,-2.800486,0.4443142
4217,-1.4661189,0.91291934
4218,-2.0745976,0.8324634
4219,-2.3531046,0.4967377
4220,-1.8433522,0.89594465
4221,-2.730035,0.5988316
4222,-1.6256044,1.3387674
4223,-1.3819122,0.9515528
4224,-2.6416461,0.63769823
4225,-3.062926,0.56928927
4226,-2.7097769,0.42867333
4227,-1.816769,0.83621174
4228,-1.8718942,0.9786421
4229,-2.8725386,0.507879
4230,-2.477159,0.52132994
4231,-2.5539923,1.8901056
4232,-1.1757599,1.0543457
4233,-2.8680203,0.46710712
4234,-2.2783976,0.4661871
4235,-3.355763,0.6184252
4236,-3.2957215,0.59930736
4237,-2.5203598,0.42570648
4238,-3.0560148,0.5068323
4239,-2.467522,0.44440848
4240,-0.77794355,0.82384694
4241,-1.4563075,0.6492778
4242,-2.1433709,1.1078494
4243,-1.7203656,1.2474033
4244,-1.1039708,0.6747501
4245,-1.8045329,0.9633267
4246,-1.5882584,0.94639593
4247,-2.4922264,0.43922642
4248,-2.4061217,0.7849821
4249,-2.0548146,0.45059383
4250,-1.9394075,0.8061064
4251,-1.2256702,1.0564083
4252,-2.1573207,0.8558355
4253,-2.3315537,0.44239473
4254,-2.9464362,0.48537105
4255,-2.4096956,0.42469057
4256,-2.855774,0.46693468
4257,-1.7728938,0.94224787
4258,-1.9909648,0.86875165
4259,-1.7133834,0.96937656
4260,-0.95655745,0.78903085
4261,-2.5310507,0.5926969
4262,-2.8355007,0.43113983
4263,-2.5224073,0.43254465
4264,-1.2304393,0.7031558
4265,-2.0654938,0.9225705
4266,-2.3175912,1.0259058
4267,-2.8407586,0.48398954
4268,-2.963854,0.5138555
4269,-2.9739835,0.63174015
4270,-2.5865693,0.42728546
4271,-2.3541741,0.42424262
4272,-2.491454,0.75709444
4273,-2.3532658,0.8225859
4274,-1.188162,0.90322435
4275,-0.9968245,0.8281074
4276,-1.522172,0.8209035
4277,-1.3123547,0.9331166
4278,-2.6083784,0.47388732
4279,-2.8642938,0.44854963
4280,-2.2886038,1.00787
4281,-2.433876,0.4759016
4282,-1.0392716,0.7403846
4283,-2.73171,0.44793302
4284,-1.0419308,0.8048563
4285,-2.1131403,1.118955
4286,-1.0045052,0.7750302
4287,-2.4329357,0.43941772
4288,-1.479682,0.65918916
4289,-1.6630673,0.89082134
4290,-2.9281816,0.5411446
4291,-1.5503383,0.6632984
4292,-1.2316531,0.8636683
4293,-0.7510855,0.8680488
4294,-2.2162642,0.9186544
4295,-2.4424403,0.4957425
4296,-2.611253,1.1343229
4297,-2.8214338,0.40210992
4298,-2.1188824,0.36243472
4299,-0.92638975,0.77598965
4300,-2.2902784,0.6764241
4301,-1.6292533,0.9270803
4302,-0.4270375,0.6015353
4303,-1.6069378,0.9904498
4304,-2.3680878,0.37163568
4305,-1.7598305,0.8012035
4306,-1.892135,0.7877966
4307,-1.8472812,0.7443668
4308,-1.4521098,0.8813986
4309,-2.1312864,0.98661816
4310,-2.8369567,0.5103539
4311,-1.2103698,0.9399411
4312,-2.060211,0.39813423
4313,-1.4004239,0.8831601
4314,-3.1950824,0.5098542
4315,-1.416258,0.792962
4316,-1.4133315,0.7887414
4317,-3.0931432,0.49518383
4318,-2.645029,0.55016553
4319,-3.4378076,0.6098248
4320,-2.7058125,0.4561507
4321,-2.5294068,0.43304807
4322,-1.9080102,0.806608
4323,-1.4093319,0.7061544
4324,-1.6907716,0.7033326
4325,-2.68013,0.62687206
4326,-2.5976694,0.5557585
4327,-1.9782083,0.7844756
4328,-2.471582,0.45995843
4329,-2.6330407,0.41131717
4330,-2.8848395,0.4965577
4331,-1.5908096,0.85988593
4332,-1.2419735,0.74863327
4333,-2.3541994,0.38894558
4334,-2.951887,0.43031958
4335,-3.07083,0.4696138
4336,-2.3439417,0.3763648
4337,-3.0729163,0.46597594
4338,-2.7512074,0.44220716
4339,-1.7107428,0.9739917
4340,-1.5971695,0.9442078
4341,-1.2611407,1.0686918
4342,-2.2144434,0.43046108
4343,-0.79244614,0.78234696
4344,-2.8851287,0.6125532
4345,-2.4645326,0.4298418
4346,-0.9069214,0.79454243
4347,-2.1174362,0.4299368
4348,-1.1354343,0.8606523
4349,-1.6222214,1.2157813
4350,-2.687176,0.8266232
4351,-2.3911219,0.38842106
4352,-0.96121144,0.75460464
4353,-2.2722867,0.37801826
4354,-2.0788171,0.8019679
4355,-2.9202685,1.0217316
4356,-2.5333462,0.45333397
4357,-1.2291176,1.3095571
4358,-2.336838,0.9116307
4359,-1.334187,0.7696578
4360,-1.6131766,1.1657598
4361,-2.459279,0.49067107
4362,-1.3359505,0.9579807
4363,-2.266773,0.45573524
4364,-1.9997194,0.92863715
4365,-1.4139689,0.8752022
4366,-1.784415,0.83076394
4367,-2.4455903,0.4265746
4368,-1.7896447,0.8992068
4369,-2.0623133,0.90938884
4370,-1.5650357,0.63970083
4371,-2.9783895,0.5572919
4372,-1.7570121,2.419592
4373,-2.0729353,0.9676018
4374,-2.3040855,0.57389784
4375,-1.6914383,0.785449
4376,-2.2241697,0.37497523
4377,-2.8654034,0.55506754
4378,-1.2246695,0.74693614
4379,-1.9201837,0.75484794
4380,-1.9732254,0.7818608
4381,-1.3352197,0.93576574
4382,-2.8426702,0.9551114
4383,-2.472357,0.4392105
4384,-1.6960133,0.7459075
4385,-3.3574908,0.5017524
4386,-2.3257678,1.0396038
4387,-0.57194483,0.9614283
4388,-1.3604428,0.6495768
4389,-2.5926292,0.55894107
4390,-0.8026593,0.771434
4391,-1.4183689,0.9943704
4392,-2.096332,0.9894524
4393,-3.0219107,0.45968202
4394,-2.2972848,0.8878522
4395,-2.796714,1.0176908
4396,-1.3353488,0.7681365
4397,-2.1532953,1.1699866
4398,-1.5399749,1.1385496
4399,-2.385463,0.46213168
4400,-2.7013953,0.5426423
4401,-1.850878,1.0703889
4402,-2.210619,1.1514121
4403,-2.2958722,0.4032714
4404,-1.9760039,0.7740477
4405,-0.68426394,1.025608
4406,-1.0159346,0.80036575
4407,-2.3418844,0.4435802
4408,-1.0995721,0.6438751
4409,-2.538459,0.46316564
4410,-2.5932598,0.49231774
4411,-2.4316556,0.47656322
4412,-1.4933124,0.9728232
4413,-2.2293153,0.3883699
4414,-1.193984,0.79490674
4415,-2.2860382,0.446362
4416,-1.8342754,1.1290312
4417,-1.3508846,0.9015147
4418,-2.3711126,0.45077235
4419,-2.3089852,0.49057868
4420,-2.5882218,0.46437588
4421,-1.7774332,1.0913773
4422,-2.273404,0.39466307
4423,-1.9626172,0.51199156
4424,-1.8677361,1.2742555
4425,-2.5499108,0.49124423
4426,-1.3738191,0.7869866
4427,-1.8937552,0.8721692
4428,-2.2547214,0.650616
4429,-1.784833,0.45694652
4430,-1.3112668,0.8205077
4431,-2.106423,0.83854544
4432,-2.5717816,0.9109661
4433,-3.1442988,0.48617843
4434,-1.443177,0.7857375
4435,-2.4231815,0.5140129
4436,-2.2802029,0.34636435
4437,-2.4743416,0.46266505
4438,-2.9088547,0.41758752
4439,-2.3947222,0.9525849
4440,-2.2756617,1.0158565
4441,-2.9560125,0.49425423
4442,-3.266937,0.53874815
4443,-1.0549091,0.695976
4444,-1.6228279,1.2254461
4445,-2.5821137,0.33760533
4446,-1.3216416,1.0097934
4447,-1.0220362,1.0570811
4448,-2.0672693,1.0212865
4449,-1.9071094,0.936448
4450,-1.7176633,1.4862642
4451,-2.311158,0.45570147
4452,-1.8689859,0.71207094
4453,-2.6073198,0.5537045
4454,-2.5546403,0.452813
4455,-2.6113393,0.38292632
4456,-2.9180715,0.46929055
4457,-1.1976062,0.76816446
4458,-2.5578103,0.5139157
4459,-1.3828605,1.0085027
4460,-3.515604,0.577685
4461,-3.0881345,0.4791276
4462,-2.8257744,0.5947139
4463,-2.4583116,0.44897208
4464,-1.6019866,0.7949824
4465,-2.0952826,0.80267733
4466,-2.06997,0.92548823
4467,-1.2904686,0.8050298
4468,-1.3288361,0.8986928
4469,-1.2066329,0.84109277
4470,-2.0945785,0.38621885
4471,-2.1833246,1.0747141
4472,-2.1271856,0.7737861
4473,-2.7657914,0.38451952
4474,-1.7141738,0.96110135
4475,-1.4731352,0.77715284
4476,-2.740195,1.0336155
4477,-1.5349864,1.1994168
4478,-1.4014331,0.89673316
4479,-2.671109,0.36203817
4480,-1.8587108,0.764241
4481,-1.9931941,0.80622333
4482,-3.1859107,0.5075243
4483,-0.8936805,0.798796
4484,-2.8023705,0.83718336
4485,-2.9756575,0.48495048
4486,-2.8975317,0.56873286
4487,-2.991652,0.5326399
4488,-1.1027136,1.0797178
4489,-1.8441949,0.8082521
4490,-0.95210075,0.8058036
4491,-2.8232954,0.47863835
4492,-2.6181476,0.5471621
4493,-1.5040712,0.93437153
4494,-1.8483831,0.9096701
4495,-2.2579572,0.9628432
4496,-2.0867248,1.0062182
4497,-3.0283911,0.4980202
4498,-1.2597181,1.1476631
4499,-1.4046608,1.0363349
4500,-1.762977,0.8333692
4501,-1.6608262,0.91042244
4502,-0.77967924,0.80757904
4503,-3.1383572,0.4848797
4504,-2.4184742,0.36420795
4505,-2.517614,0.53176355
4506,-1.8329581,0.92875963
4507,-3.1014209,0.5068646
4508,-1.6795772,1.0530871
4509,-2.4997194,0.45550558
4510,-1.2834092,0.88784814
4511,-2.6247125,0.4702163
4512,-1.8874608,0.7351088
4513,-3.1309576,0.44862065
4514,-2.6101258,0.52242327
4515,-1.0231534,0.90931886
4516,-1.1532221,0.886843
4517,-2.605511,0.4294552
4518,-2.0672607,0.9213747
4519,-2.6410327,0.5130369
4520,-1.9566313,0.84890497
4521,-2.415747,0.45915115
4522,-1.3383775,0.93158203
4523,-2.0473204,0.34326574
4524,-1.9038954,0.8436782
4525,-2.5982437,0.5172389
4526,-1.7281129,0.778062
4527,-2.8097656,0.6325851
4528,-2.4898522,0.41536605
4529,-1.3708093,0.7978519
4530,-3.3492167,0.611537
4531,-2.4667885,0.47214988
4532,-2.4845152,0.8826268
4533,-1.3169163,0.93855447
4534,-2.6808958,0.7652787
4535,-2.4538639,0.5390687
4536,-2.552659,0.39696392
4537,-1.7276297,0.7057111
4538,-2.4139276,0.69984525
4539,-1.7936021,1.0546119
4540,-1.129221,0.695892
4541,-2.4390671,0.88212466
4542,-2.3368592,0.4209517
4543,-2.8323774,0.48498583
4544,-2.0704675,0.89486116
4545,-2.5249012,0.8815497
4546,-2.7023556,0.51530904
4547,-2.8281646,0.4180529
4548,-2.2634344,0.43262476
4549,-2.794438,0.4438833
4550,-1.884665,0.85075974
4551,-2.951632,1.0636107
4552,-2.1452656,0.95223534
4553,-2.2231057,0.3993031
4554,-2.8388207,0.43289313
4555,-2.4769375,0.58731395
4556,-0.59741086,0.8356721
4557,-2.052145,1.0645586
4558,-1.0779616,1.196452
4559,-2.4828095,0.8774772
4560,-1.8929466,1.0015705
4561,-3.1178262,0.36104324
4562,-1.6818907,0.6968582
4563,-1.1886405,1.1400579
4564,-2.1685388,0.4684995
4565,-2.6761706,0.42777506
4566,-3.4369912,0.63483346
4567,-1.0252665,0.8098576
4568,-1.3291382,0.8451588
4569,-1.2476624,0.78177077
4570,-2.875727,0.4274821
4571,-1.7854092,0.8849146
4572,-2.3753774,0.46224487
4573,-3.1917696,0.44069314
4574,-2.0981033,0.742541
4575,-1.6406108,0.9045535
4576,-2.6437728,0.93909526
4577,-2.870016,0.46412256
4578,-2.3219285,0.40075123
4579,-1.6344181,0.87295544
4580,-2.1088407,0.67205364
4581,-1.5629518,0.7854469
4582,-2.12487,0.44254076
4583,-1.6165913,0.8569865
4584,-2.6181257,0.4886483
4585,-3.4159055,0.45928577
4586,-2.2241404,0.50684416
4587,-1.6001135,0.8064383
4588,-1.126658,1.2375102
4589,-2.7007937,0.5304685
4590,-2.8718934,0.7163041
4591,-2.171204,0.481475
4592,-2.6582916,0.5600519
4593,-2.895703,0.53644663
4594,-2.295347,0.4042449
4595,-2.513173,0.47316292
4596,-1.9973953,0.7720727
4597,-2.608079,0.45126972
4598,-1.7397697,0.95279384
4599,-1.5606111,0.98219967
4600,-1.7412596,0.82325697
4601,-1.3197911,0.864958
4602,-2.5264723,0.79965633
4603,-2.7594721,0.44801676
4604,-1.646997,0.84734833
4605,-0.623987,0.73952276
4606,-3.527556,0.4779729
4607,-1.9401973,1.0318346
4608,-1.7462611,0.9686724
4609,-1.6718239,1.0503149
4610,-0.58100563,0.79571646
4611,-1.9618219,0.9057463
4612,-2.4821196,1.2657719
4613,-2.7733011,0.42158863
4614,-1.1191267,0.68764466
4615,-1.5931935,0.7688528
4616,-2.797482,0.48549542
4617,-2.7284238,0.47484273
4618,-1.0919157,0.6725338
4619,-1.1814961,0.7717329
4620,-1.1906426,1.1277107
4621,-2.6558492,0.45364997
4622,-0.50825536,0.77145463
4623,-2.1006122,0.89720106
4624,-2.257902,0.36615196
4625,-1.961185,0.47044834
4626,-2.5518136,0.43826506
4627,-1.3723434,0.91203994
4628,-2.466397,0.42784563
4629,-1.5615396,0.9426624
4630,-2.223088,0.4133052
4631,-2.5995047,0.5672929
4632,-3.2485883,1.2400671
4633,-1.6662418,0.8106025
4634,-2.999392,0.58031225
4635,-2.5053365,0.45689514
4636,-0.756504,0.85041225
4637,-1.1301064,0.9350228
4638,-2.7209573,1.2240419
4639,-2.716492,1.0020543
4640,-2.6194215,0.53361386
4641,-1.9952463,0.95809585
4642,-2.3364258,0.44983485
4643,-1.6609797,0.954711
4644,-2.7956567,0.68279284
4645,-1.9654939,0.710929
4646,-2.6462283,0.62508225
4647,-2.1871104,0.78538513
4648,-2.498088,0.45132366
4649,-2.8233178,0.42443824
4650,-3.0157032,1.0552287
4651,-1.3076277,0.88479984
4652,-1.2746322,0.8163129
4653,-2.198428,0.42832917
4654,-1.9620829,0.7168537
4655,-1.8683815,0.8405703
4656,-1.9442127,1.0517734
4657,-2.444384,0.8497531
4658,-1.3477428,0.9146132
4659,-1.5954682,0.7195419
4660,-2.422091,0.5460581
4661,-2.4934993,0.48547956
4662,-2.3688369,0.5492729
4663,-2.6029868,0.48483276
4664,-1.6860726,0.9104269
4665,-1.8940756,0.8267131
4666,-2.175175,0.86607516
4667,-2.1307173,0.8915734
4668,-2.8515458,0.49067792
4669,-2.1472101,0.91798717
4670,-1.7976387,0.9168652
4671,-1.938217,0.36777416
4672,-2.933584,0.9912676
4673,-2.5302758,0.45478648
4674,-2.4856875,0.38211185
4675,-2.0518026,0.4403323
4676,-2.0958755,1.0457093
4677,-2.191642,0.94850093
4678,-2.4533565,0.40915662
4679,-2.255837,1.1117299
4680,-1.8537232,0.8868447
4681,-1.9574995,0.78987616
4682,-2.8139877,0.4891224
4683,-2.6349216,0.42548487
4684,-2.716484,0.48923847
4685,-1.3219067,0.94499016
4686,-2.1236918,0.99913675
4687,-1.5877182,0.9717245
4688,-0.6046499,0.83418757
4689,-2.95465,0.48782015
4690,-2.8302686,0.5063989
4691,-2.2790475,0.43147302
4692,-2.6152332,0.5395263
4693,-1.0769861,0.8195625
4694,-2.919658,0.6506378
4695,-2.0075607,0.41352227
4696,-2.849855,0.4148924
4697,-1.5796698,0.71923345
4698,-2.2673218,0.5136484
4699,-2.015675,0.39291355
4700,-2.8002648,0.472945
4701,-1.0446359,0.80693156
4702,-1.0534463,0.9871522
4703,-1.2696481,0.62803525
4704,-2.0634284,0.8212233
4705,-1.9824742,0.87760925
4706,-1.646415,0.83263445
4707,-2.5355945,0.50417936
4708,-1.1177075,0.81648535
4709,-2.6607294,0.46614996
4710,-0.9431708,0.60901886
4711,-2.3502538,0.57676715
4712,-3.5415113,0.67423767
4713,-2.27784,0.43523857
4714,-2.4926925,1.1501276
4715,-1.565992,0.84607303
4716,-1.5806313,0.7753108
4717,-1.6493205,0.9219707
4718,-1.8076642,0.9445678
4719,-0.9608628,0.8870843
4720,-1.1493475,0.8834708
4721,-1.640983,1.1356316
4722,-2.244209,0.8775505
4723,-2.4670916,0.44272238
4724,-1.6481823,0.7789654
4725,-2.193564,0.41342434
4726,-2.7736976,1.0686045
4727,-2.7985592,0.5753088
4728,-2.6874523,0.42092702
4729,-1.6430649,1.2884924
4730,-1.3919369,0.96956265
4731,-1.4036891,0.8058334
4732,-2.4009664,0.6447138
4733,-2.3814442,1.0485198
4734,-2.391857,0.5039675
4735,-0.984104,0.8354341
4736,-2.4532778,0.47554505
4737,-1.6454054,0.88203454
4738,-1.4756858,0.90563715
4739,-2.6074018,0.42250663
4740,-2.0079713,0.7253974
4741,-2.591764,0.86622506
4742,-0.79787314,0.830673
4743,-2.6230774,0.46885398
4744,-2.8237705,0.472827
4745,-3.2825494,0.68250656
4746,-3.0404,0.5294096
4747,-2.0122137,0.41438875
4748,-1.6391289,0.8713024
4749,-2.556102,0.81471604
4750,-2.5140922,0.9384331
4751,-2.4493966,0.57014227
4752,-1.8818066,0.35648632
4753,-1.8922199,1.338493
4754,-1.0092331,0.7414558
4755,-1.7853316,0.7571863
4756,-1.9388015,0.9175425
4757,-3.6051736,1.0415753
4758,-1.3467865,0.95412076
4759,-1.5954758,0.88096684
4760,-0.9716486,0.9807197
4761,-1.1027635,0.79635054
4762,-0.8321618,0.9434271
4763,-1.8286891,0.83404636
4764,-2.835614,0.4558184
4765,-2.1098223,0.5655758
4766,-1.7328253,0.99839365
4767,-2.0967233,0.9614483
4768,-1.7574271,0.82763803
4769,-1.8200595,0.9554309
4770,-2.3266897,0.9274137
4771,-3.0617356,0.532712
4772,-0.85331666,0.7623002
4773,-1.1721184,1.3708099
4774,-2.3728006,0.9199136
4775,-2.6286225,0.83824635
4776,-2.186846,0.3703075
4777,-3.6259198,1.0329785
4778,-3.4669607,0.5974856
4779,-2.6418107,0.98989785
4780,-2.4155092,0.46111172
4781,-2.9760795,0.52280647
4782,-2.6659427,0.5855734
4783,-2.7987986,0.7382965
4784,-0.79363805,0.84773725
4785,-1.5312204,0.7651042
4786,-1.8062445,0.7382459
4787,-3.202884,0.49321812
4788,-1.0628293,1.075043
4789,-1.9926344,0.9267371
4790,-1.8422954,0.7899305
4791,-3.0945508,0.4212754
4792,-2.039374,0.43724558
4793,-3.0479147,0.4885165
4794,-1.5205809,0.78561795
4795,-2.641919,0.44226855
4796,-2.435005,0.4514545
4797,-0.67045397,0.8601665
4798,-1.7490791,1.1772866
4799,-2.7761545,0.4606977
4800,-2.0701597,0.5721149
4801,-1.5121484,0.87133336
4802,-2.0812273,0.41925564
4803,-1.373563,1.0108215
4804,-2.16173,0.51943266
4805,-2.3259242,0.98958826
4806,-1.8163716,0.9602781
4807,-1.2784702,0.8025033
4808,-2.2812812,0.43348327
4809,-2.7287261,0.4679777
4810,-1.5645697,0.7954266
4811,-2.6060452,0.69397444
4812,-1.9360132,0.76961774
4813,-1.8794854,0.9969048
4814,-1.2562561,0.8184593
4815,-2.680481,0.46811858
4816,-1.8283595,0.8080843
4817,-1.4969139,0.7609846
4818,-2.8741837,0.47678515
4819,-2.5919235,0.54916173
4820,-2.5864727,0.48090458
4821,-2.7915924,0.45529848
4822,-2.3762255,0.45886895
4823,-2.6769395,0.5161684
4824,-2.2203796,0.42445752
4825,-2.8327951,0.6124349
4826,-1.7193234,0.63754183
4827,-2.8742764,0.5086507
4828,-1.1901697,0.7250712
4829,-0.89108515,0.90816283
4830,-1.9435383,0.8759673
4831,-1.9701626,0.6379452
4832,-2.9864297,0.51647264
4833,-1.1333821,0.70148385
4834,-2.1259284,0.7546724
4835,-3.4197335,0.595885
4836,-2.461943,0.46124643
4837,-1.4730208,0.8501697
4838,-2.4234965,0.4875551
4839,-2.6585116,0.4659195
4840,-2.6729715,0.4340562
4841,-2.7484634,0.48454115
4842,-2.1240084,0.99251014
4843,-2.1509695,0.37073377
4844,-1.3492119,0.97221035
4845,-0.848294,0.8145463
4846,-1.1750746,0.8395103
4847,-2.7309635,0.90562576
4848,-2.52502,0.39499643
4849,-2.0048032,0.50313646
4850,-2.115672,0.69935447
4851,-0.53228205,0.7339943
4852,-1.6003735,1.3690714
4853,-0.42973655,0.91912806
4854,-2.267433,0.58400166
4855,-1.7232078,0.43863228
4856,-1.7548556,0.9673124
4857,-1.9541256,0.36158457
4858,-1.4990845,0.9269682
4859,-1.9323996,0.77474844
4860,-2.356384,0.35707936
4861,-2.7244956,0.532103
4862,-1.6621054,0.750808
4863,-0.9635426,0.66017544
4864,-3.0352545,0.48512116
4865,-1.8196328,0.8147787
4866,-1.9349532,0.84267485
4867,-2.1150577,0.88248914
4868,-2.0758736,0.60781926
4869,-2.716426,1.2289836
4870,-0.87753415,0.9768025
4871,-1.1497281,0.73251957
4872,-2.664322,0.40260103
4873,-2.377921,0.44893909
4874,-2.9720569,0.53502333
4875,-1.2750809,0.84794885
4876,-2.5073516,0.50717205
4877,-2.4804518,0.40274277
4878,-1.1122688,0.862435
4879,-2.1447177,0.92313707
4880,-2.444,0.49300864
4881,-1.5775677,0.9575677
4882,-2.780413,0.49730647
4883,-1.2429823,0.7635001
4884,-2.483061,0.9268778
4885,-1.1742758,0.94177794
4886,-1.9105937,0.7158793
4887,-1.4525698,0.84305996
4888,-2.2904987,0.46145266
4889,-1.6828444,0.7891796
4890,-1.9045314,0.7151628
4891,-1.5718148,0.76116943
4892,-1.6029919,0.8256041
4893,-1.2517184,1.0294521
4894,-2.6529737,0.50051874
4895,-1.0301627,0.70605785
4896,-1.0910325,0.8212757
4897,-1.9587212,1.034107
4898,-1.5490707,1.0277401
4899,-1.4408487,0.8481959
4900,-2.9229522,0.638989
4901,-1.3036203,0.9161218
4902,-1.9178427,0.89499104
4903,-1.9250956,0.6835811
4904,-1.902164,0.812371
4905,-2.7457643,0.4982727
4906,-2.5278664,0.4784311
4907,-2.4787147,0.83003813
4908,-2.6371908,0.5051825
4909,-1.322222,0.7644566
4910,-1.8398192,0.87694645
4911,-2.3510308,0.5291334
4912,-1.9635164,0.44479755
4913,-1.2958341,0.9033231
4914,-1.0187984,0.76315707
4915,-1.5160348,1.1201583
4916,-3.2192314,0.42105186
4917,-2.0786154,0.4397708
4918,-3.3717413,0.5182199
4919,-2.202582,0.9499414
4920,-2.6091704,0.92498183
4921,-1.4482088,0.7254798
4922,-2.9751024,1.0537167
4923,-1.4409952,0.6651192
4924,-1.2298037,0.779094
4925,-2.8665948,0.5105462
4926,-2.4285223,0.5613343
4927,-1.3462695,0.9094439
4928,-2.6470928,0.44845176
4929,-2.21599,0.4404089
4930,-2.04039,0.9335102
4931,-1.661318,0.754983
4932,-1.1770684,0.9273264
4933,-2.188405,0.38524395
4934,-2.8199549,0.5633377
4935,-2.8097405,0.45346627
4936,-2.661459,0.48748744
4937,-2.1439793,1.0003985
4938,-2.5523698,0.6093292
4939,-2.001694,0.775126
4940,-2.115075,1.5642738
4941,-2.5220711,0.92438614
4942,-1.9341317,1.2626354
4943,-1.6561323,0.8156011
4944,-1.463835,0.80729765
4945,-1.3521615,0.9344129
4946,-1.375602,0.7919655
4947,-2.5297215,0.42877302
4948,-1.3720868,0.7520919
4949,-2.0952022,0.8408121
4950,-2.4102075,0.4787848
4951,-0.8063115,0.71697766
4952,-1.7813603,0.7619442
4953,-2.800303,0.62356234
4954,-2.7556722,0.5090651
4955,-2.5648284,0.42358837
4956,-2.4636064,0.46996012
4957,-1.2725358,0.836532
4958,-2.6413662,0.43983483
4959,-1.4988247,0.9385199
4960,-1.7130314,0.8990673
4961,-1.663507,0.83729
4962,-2.759465,0.5540555
4963,-2.2960253,1.1453602
4964,-2.801048,0.48538554
4965,-2.4348013,0.41225088
4966,-1.6590855,0.951466
4967,-2.1673107,0.40558034
4968,-1.2310994,0.7456259
4969,-2.4722025,0.4040946
4970,-3.3626685,0.56044525
4971,-2.5863328,0.37824675
4972,-1.8879544,0.7567724
4973,-2.6637778,0.4936955
4974,-2.7734277,0.43882468
4975,-2.3422294,0.3801056
4976,-0.71837133,0.75912017
4977,-2.6967669,0.4474053
4978,-2.4419546,0.38830686
4979,-2.0522804,0.3965093
4980,-2.4323776,0.43890357
4981,-2.598644,1.1361823
4982,-1.4419059,0.7356708
4983,-1.2476712,0.94636023
4984,-1.3174372,0.6895546
4985,-1.6943136,0.77863437
4986,-0.78611475,0.6629381
4987,-1.6466911,0.7394933
4988,-3.3129864,0.5597832
4989,-1.9103802,0.64244777
4990,-2.7743235,0.4315412
4991,-2.7356858,0.49779147
4992,-2.5445633,0.43502304
4993,-2.15499,0.3685546
4994,-2.1352134,0.69017303
4995,-1.750069,0.8055715
4996,-0.976545,0.18274337
4997,-1.9841603,0.8781971
4998,-1.5819314,0.97051704
4999,-2.1581097,0.73498225
5000,-0.9272166,0.99262965
5001,-1.6093297,1.120194
5002,-2.818173,0.50290096
5003,-2.5392578,0.46748823
5004,-0.73503083,0.7367053
5005,-0.90657353,0.77484137
5006,-1.85611,0.89305925
5007,-1.5546762,1.0440392
5008,-2.9496875,0.53553134
5009,-2.7193007,0.4391147
5010,-1.8579733,0.7092583
5011,-2.4166205,0.49534705
5012,-2.4642892,0.43463683
5013,-2.9565983,0.5676373
5014,-0.627916,0.77624077
5015,-2.852045,0.4977833
5016,-2.2202706,0.42733747
5017,-2.2633944,0.9008427
5018,-1.1705152,0.94766617
5019,-2.2505674,0.44438598
5020,-1.4436941,0.83727837
5021,-0.8894541,0.8738276
5022,-2.3350394,0.76002586
5023,-1.7923012,0.88303006
5024,-2.5714097,0.53429127
5025,-2.0409,0.9910045
5026,-1.0644644,0.9038798
5027,-1.4488857,0.8096431
5028,-2.5630298,0.35915104
5029,-1.2967016,0.85907453
5030,-0.58801866,1.289436
5031,-1.5944065,0.9341552
5032,-1.833777,0.75249714
5033,-2.1211789,0.7331579
5034,-2.631038,0.48173597
5035,-1.0974147,0.77896744
5036,-2.498243,0.44270837
5037,-1.8665795,0.99764705
5038,-2.7184458,0.44936618
5039,-2.7638233,0.41298166
5040,-3.0695307,0.50570506
5041,-1.4080375,0.8510382
5042,-0.93503743,0.700632
5043,-1.6108783,1.0080965
5044,-2.3728619,0.47440922
5045,-2.6792395,0.58205235
5046,-2.5492854,0.48486897
5047,-3.2039056,0.52868575
5048,-2.8627548,0.4919429
5049,-2.0543733,0.3579844
5050,-2.529647,0.9740512
5051,-2.619821,0.56932455
5052,-2.1923678,1.3026756
5053,-2.9462104,0.68831944
5054,-3.2711265,0.59059495
5055,-2.8852553,0.5886757
5056,-2.9328058,0.49423137
5057,-1.3681977,0.74247384
5058,-2.9315403,0.49784103
5059,-1.2372609,0.6835621
5060,-2.331102,0.45504746
5061,-2.7913036,0.49658227
5062,-1.1027596,0.81558216
5063,-0.61454386,0.75107783
5064,-1.1094546,0.90097654
5065,-1.5775882,0.67759824
5066,-1.322496,0.8999957
5067,-1.9301416,0.93188417
5068,-2.9204888,0.53515214
5069,-2.020666,0.7951613
5070,-2.6216736,1.0354633
5071,-2.225893,0.50948703
5072,-2.4093862,0.47564682
5073,-1.5738181,0.7737504
5074,-1.9728676,0.93104404
5075,-1.827518,0.87332237
5076,-3.1490355,0.41548225
5077,-2.6272042,1.1895192
5078,-2.3873718,0.46872693
5079,-1.0544046,0.7890965
5080,-1.2198629,0.80638915
5081,-1.8095062,0.74575645
5082,-1.5279132,0.91834116
5083,-1.3163992,0.745883
5084,-1.5222019,1.3584225
5085,-2.4185317,0.43633848
5086,-1.79311,1.0184634
5087,-0.93782026,0.8229405
5088,-2.7698057,0.42995802
5089,-1.5198523,0.85649455
5090,-2.011179,0.3954344
5091,-2.7478423,0.5792407
5092,-3.134471,0.59269136
5093,-0.41123354,0.9212506
5094,-1.8297025,1.186273
5095,-2.5410333,1.4091864
5096,-2.1474323,0.6820616
5097,-2.4897861,0.93740666
5098,-1.7346566,1.0612779
5099,-2.598575,0.41733524
5100,-2.6977878,0.48042694
5101,-1.0840898,1.0084893
5102,-2.4509263,0.42697945
5103,-1.1767024,0.76790845
5104,-2.8115156,0.49416432
5105,-2.9970486,0.53424615
5106,-1.6329634,0.3318096
5107,-2.1983998,0.40481433
5108,-1.2474473,0.74777067
5109,-2.040795,0.812747
5110,-1.5797162,0.76661044
5111,-1.4074163,0.82213193
5112,-2.1074162,0.9942168
5113,-2.5554888,0.9359921
5114,-1.4220319,0.9286548
5115,-2.6499438,0.60849506
5116,-1.4492089,0.7105889
5117,-2.5704212,0.38256413
5118,-2.423529,0.47859046
5119,-2.837313,0.47866502
5120,-2.0083776,0.89225394
5121,-2.9352486,0.47351056
5122,-1.4669163,0.6745163
5123,-1.4105601,0.89314467
5124,-2.506617,0.49583244
5125,-2.6835625,0.46450594
5126,-1.3841835,1.0379276
5127,-2.015352,0.9199967
5128,-1.2111726,1.0339361
5129,-1.9802394,0.78022593
5130,-1.4720448,0.8650884
5131,-2.0236318,0.76781297
5132,-1.3993508,0.7713176
5133,-2.0109963,1.0728601
5134,-2.2980325,1.3024985
5135,-2.4979293,0.5264115
5136,-2.0273097,0.78811985
5137,-3.2314272,0.52594614
5138,-1.5624843,0.8262416
5139,-1.7871163,0.8461114
5140,-3.0308065,0.5147896
5141,-2.39201,0.38542765
5142,-2.4101803,0.4264336
5143,-1.6958967,0.8972796
5144,-2.0122986,0.49122208
5145,-1.2847728,0.9136028
5146,-1.2886401,0.6662632
5147,-0.9004107,0.76329505
5148,-3.2896833,0.66357577
5149,-0.82765305,0.70192426
5150,-1.9449028,0.75226897
5151,-2.8902414,0.5235269
5152,-1.6348891,0.9764294
5153,-2.8860176,0.5034423
5154,-1.4797924,1.1278305
5155,-2.0857246,0.8237144
5156,-2.6784222,0.613692
5157,-1.270351,0.8156796
5158,-2.1901493,0.39055932
5159,-0.8138414,0.8205122
5160,-1.8077366,0.887144
5161,-2.1236658,0.40387163
5162,-2.4991143,0.95962644
5163,-1.4496605,0.73204017
5164,-2.9602072,0.5914731
5165,-2.7990441,0.52341527
5166,-2.6923187,0.44820207
5167,-1.4900355,0.80208236
5168,-2.576607,0.46875122
5169,-1.6921451,0.73914605
5170,-2.2674625,0.44044042
5171,-2.2955651,0.4601267
5172,-1.6985316,0.93953
5173,-1.7440746,0.7579352
5174,-1.3031774,0.8025544
5175,-1.2604799,0.65324533
5176,-2.0633352,0.9298504
5177,-2.4414475,0.5320232
5178,-1.7956893,0.7609596
5179,-2.282401,0.4390745
5180,-2.4000993,0.44405645
5181,-2.6897297,0.39946958
5182,-1.7965775,0.91222566
5183,-3.0587068,0.5613628
5184,-1.3905745,0.8910354
5185,-1.5866344,1.0562359
5186,-2.6710334,0.4956027
5187,-2.7691603,0.4258092
5188,-2.5924447,0.60249853
5189,-2.8311083,0.49075902
5190,-2.6906137,0.4894123
5191,-2.042958,0.44574308
5192,-1.8485725,0.7310436
5193,-1.4790367,0.71891826
5194,-2.9143667,0.51934254
5195,-2.622232,0.57692105
5196,-0.81989336,0.76441735
5197,-0.20246698,0.94270164
5198,-2.6867359,0.45795047
5199,-1.7656404,0.7174423
5200,-2.8895395,0.5021772
5201,-1.9800895,0.89234954
5202,-2.0085998,1.3077205
5203,-1.1136103,0.8425347
5204,-1.3052988,1.0198205
5205,-1.9180291,0.79847777
5206,-2.7110124,0.4956202
5207,-1.438567,0.91187423
5208,-1.3338914,0.92489225
5209,-2.2329352,0.8818249
5210,-3.4065046,1.1911595
5211,-3.1321168,0.46731183
5212,-2.6354902,0.54714996
5213,-1.1565673,0.6538452
5214,-2.6123416,0.48937404
5215,-2.4063697,0.7212739
5216,-2.1400928,0.43383184
5217,-2.1047618,0.80173373
5218,-3.2912052,0.6567161
5219,-2.3865886,0.4552084
5220,-3.2562132,0.4876473
5221,-2.3898826,0.47485998
5222,-1.6470511,1.0146484
5223,-2.463606,0.49651408
5224,-3.0766213,0.55472535
5225,-1.9574164,1.0368456
5226,-0.86392784,0.8253879
5227,-0.84258354,0.81125265
5228,-1.3321873,0.7749761
5229,-1.0122715,0.7627366
5230,-0.90653974,0.8051503
5231,-1.6344523,0.8190291
5232,-1.2336385,0.8864094
5233,-2.6830833,0.4779757
5234,-1.7008493,0.70728153
5235,-3.0148544,1.0676109
5236,-1.9259373,0.4623554
5237,-2.02947,0.9676319
5238,-1.64143,0.9541071
5239,-2.4601889,0.9727645
5240,-1.0123752,0.7663453
5241,-3.101899,0.8231456
5242,-1.9302433,0.9670394
5243,-1.6773468,1.1118221
5244,-1.170923,0.78823817
5245,-1.7624849,0.8076097
5246,-3.345502,0.47097784
5247,-1.2344754,0.7209439
5248,-2.3621814,0.35893735
5249,-3.6703875,0.6297255
5250,-2.3463368,0.8346935
5251,-1.0800892,0.95098776
5252,-1.9101539,0.9336488
5253,-2.9341965,0.47219685
5254,-1.9345249,0.8767474
5255,-1.5284839,0.9108526
5256,-1.2655015,0.6312944
5257,-1.072381,0.8131709
5258,-2.416986,0.71704614
5259,-1.5345672,0.8493847
5260,-2.5188193,0.82006115
5261,-1.9538755,0.7451049
5262,-0.87826353,0.99842614
5263,-1.8286309,0.99680376
5264,-3.068455,0.49447003
5265,-2.31686,0.92958504
5266,-2.4733932,0.52790815
5267,-2.4252005,0.48218024
5268,-2.998137,0.512632
5269,-1.9580765,0.8714515
5270,-1.0505289,0.96736276
5271,-1.4114242,0.9555652
5272,-2.135342,0.86079
5273,-1.5745319,0.9219038
5274,-2.3486822,0.84063905
5275,-2.477813,0.38407743
5276,-1.854136,0.3443477
5277,-0.98975706,0.6894422
5278,-1.8146341,0.87976444
5279,-1.2488129,0.9754305
5280,-1.523563,0.7106184
5281,-1.0676239,0.8952536
5282,-2.2656379,0.81182027
5283,-2.503378,0.46913785
5284,-2.157241,1.0722097
5285,-1.6564941,0.9234876
5286,-2.6065829,0.40659896
5287,-2.5586417,0.40123922
5288,-0.788402,1.1568867
5289,-3.0170689,0.440284
5290,-1.2535772,0.828554
5291,-2.2610192,1.1436589
5292,-1.1784482,0.70152813
5293,-2.4220736,0.39240718
5294,-2.8127756,0.5067647
5295,-1.0609539,0.6579378
5296,-2.0909944,0.5050877
5297,-2.6811273,0.44223556
5298,-1.4468703,0.8705246
5299,-2.6643455,0.5350026
5300,-0.7385365,0.9120496
5301,-2.6602325,0.46931446
5302,-1.1103708,0.9019374
5303,-1.0998046,0.68968844
5304,-1.6703668,0.8404679
5305,-2.612111,0.36921096
5306,-2.1504514,0.9855824
5307,-1.6076941,0.9542022
5308,-2.3798444,0.40068933
5309,-1.1465766,0.78055334
5310,-2.9908218,0.45167646
5311,-2.0104156,1.0321617
5312,-2.2724683,0.37895662
5313,-1.0449175,0.7564024
5314,-1.6016824,0.9907297
5315,-1.6486262,0.322773
5316,-2.7215607,0.37172568
5317,-2.204817,0.99154603
5318,-2.8568149,1.3858104
5319,-2.7909482,0.41866025
5320,-2.5355756,0.5984402
5321,-2.470468,0.8928592
5322,-1.1645441,0.8799917
5323,-1.4246646,0.81398255
5324,-2.5321429,0.8040364
5325,-1.0433415,0.815254
5326,-2.5594378,0.46154642
5327,-2.4874325,0.5058362
5328,-2.533943,0.9898116
5329,-2.5752592,0.47096452
5330,-2.563129,0.50903225
5331,-2.7932184,0.4190905
5332,-1.4905684,1.2341973
5333,-2.6072543,0.5102712
5334,-1.6181723,0.8409485
5335,-1.9687924,0.7452715
5336,-1.7507488,1.0255774
5337,-1.9424405,0.89196
5338,-0.87325907,1.187281
5339,-2.2084358,0.7995022
5340,-0.9487057,0.9134257
5341,-2.6175158,0.5028829
5342,-0.9935382,1.7104523
5343,-1.5053345,0.88121784
5344,-1.4235673,0.9703103
5345,-2.2678435,0.5441109
5346,-2.472888,0.5173954
5347,-2.5998423,0.36508417
5348,-1.3864549,0.83467954
5349,-2.7115202,0.90829283
5350,-1.9301227,0.30925655
5351,-2.8465674,0.48884717
5352,-2.6960053,0.47180316
5353,-1.9724971,0.72848594
5354,-2.2387567,0.35480526
5355,-1.989508,0.67005074
5356,-0.77668554,0.81659526
5357,-1.4187926,0.8663751
5358,-0.9758999,0.63225424
5359,-4.1497254,0.7898828
5360,-1.9968393,0.7681906
5361,-1.4784404,0.9693344
5362,-1.7832149,0.7346953
5363,-1.7570587,0.75105536
5364,-1.8645165,1.0858272
5365,-1.2748461,0.759236
5366,-1.2592391,0.96109045
5367,-1.6807187,0.8667599
5368,-2.2121546,0.36729473
5369,-2.14656,0.41742367
5370,-3.613266,1.0670329
5371,-1.7536391,0.8489327
5372,-1.5319238,0.9160464
5373,-3.091821,0.5237013
5374,-1.5854803,0.87561935
5375,-1.6740874,0.33803555
5376,-1.6782594,0.7163852
5377,-2.954753,0.42388162
5378,-2.4771178,0.4944031
5379,-2.5618796,0.63616395
5380,-2.2890253,0.4293269
5381,-2.9788368,0.9546543
5382,-2.5258605,1.0675787
5383,-3.0082998,0.45805746
5384,-2.7192254,0.3821312
5385,-1.1859694,0.7006957
5386,-2.4829814,0.4004294
5387,-3.25529,0.5491875
5388,-2.505548,0.39870396
5389,-2.234736,0.41691017
5390,-2.0349746,0.47217262
5391,-2.2709217,1.0315611
5392,-1.5368608,0.87946665
5393,-2.2188778,1.1074475
5394,-1.7087048,0.9644136
5395,-1.9087594,1.0334193
5396,-1.0874327,0.701765
5397,-2.551161,0.45102483
5398,-2.245666,0.48944664
5399,-1.9337449,0.9899042
5400,-1.9460126,0.39863345
5401,-1.809741,1.0706223
5402,-2.5039396,1.4624014
5403,-2.8626435,0.44019908
5404,-2.4732351,0.51965135
5405,-2.2560842,0.77209044
5406,-1.1634879,0.7637582
5407,-1.8368921,0.7805926
5408,-1.7786807,1.1074412
5409,-2.2944846,0.4374188
5410,-2.9430227,0.5608947
5411,-1.417529,0.62559766
5412,-1.8304783,0.7098406
5413,-2.5134687,0.5520499
5414,-1.7113494,0.94796973
5415,-1.4936353,0.76900625
5416,-2.5806081,0.5536961
5417,-2.281972,0.7021723
5418,-2.2465904,0.41201437
5419,-1.1533719,0.7682113
5420,-2.962859,0.44046432
5421,-2.8453028,0.48883006
5422,-2.9275994,0.5143854
5423,-2.9600186,1.1441416
5424,-2.5763848,0.51750946
5425,-1.4934392,0.6928557
5426,-1.7477244,0.88143605
5427,-2.0815623,1.1920063
5428,-2.8078144,0.48826247
5429,-1.7971379,0.7622152
5430,-3.3654084,0.54997104
5431,-0.9236087,0.7482938
5432,-2.6428094,0.48242408
5433,-1.1689662,1.200215
5434,-1.3967314,0.83904576
5435,-2.2548895,0.8905427
5436,-2.4597547,0.74898535
5437,-2.3630853,0.5345744
5438,-1.8417964,0.87473553
5439,-1.8291337,0.8693465
5440,-2.8387551,0.5162098
5441,-1.4963193,1.1056507
5442,-2.5505075,0.40519696
5443,-1.5468205,1.0383658
5444,-1.8515005,0.6516637
5445,-1.3737751,0.91277015
5446,-1.9337568,0.4380039
5447,-2.5887048,0.5495314
5448,-3.0064206,0.55761796
5449,-2.4679155,0.6046085
5450,-1.5321035,0.9496646
5451,-2.6552868,0.45586008
5452,-1.958647,1.0017786
5453,-1.4902549,0.80231816
5454,-1.722547,0.9359735
5455,-3.022693,0.46611127
5456,-3.0752246,0.53624725
5457,-2.2416837,0.4619925
5458,-1.7479596,0.8860741
5459,-2.607709,1.0075848
5460,-2.7514014,0.42551178
5461,-2.2266245,1.0371865
5462,-0.9609252,0.94735104
5463,-2.6851056,0.40466687
5464,-3.0020385,1.277756
5465,-1.8372579,0.88473165
5466,-2.3509696,0.9124664
5467,-2.968482,0.3944918
5468,-3.221886,0.44775397
5469,-1.736886,0.84247243
5470,-1.6693858,0.72386986
5471,-2.4867043,0.47948137
5472,-2.267816,0.8767157
5473,-0.9338694,0.87440187
5474,-1.7218322,0.803733
5475,-2.6477375,0.4502554
5476,-1.3160858,1.025326
5477,-2.9666576,0.56022656
5478,-2.3776054,0.46406916
5479,-1.2782953,0.9593144
5480,-2.0658283,0.38834527
5481,-1.5429844,0.8013231
5482,-1.2441539,0.71280456
5483,-2.7369711,0.5755277
5484,-2.6157455,0.49118632
5485,-1.970713,0.8795736
5486,-2.1948037,0.9887383
5487,-2.645488,0.4414966
5488,-2.732232,0.5930158
5489,-0.9938658,0.93408805
5490,-2.8867066,0.52453905
5491,-0.7935805,0.687087
5492,-2.351821,0.44653338
5493,-1.9374242,0.41371897
5494,-2.7379775,0.52180254
5495,-1.5586896,0.8535993
5496,-0.8012205,0.77200747
5497,-2.374724,0.5028569
5498,-2.9954193,0.46424317
5499,-1.8252466,0.8953532
5500,-2.2210717,0.42612973
5501,-2.6479897,0.5735633
5502,-2.321131,0.49931154
5503,-1.5758969,0.8564425
5504,-2.330579,0.35571286
5505,-0.7351667,0.80703765
5506,-1.6159383,0.884438
5507,-2.9451745,0.5778729
5508,-1.2465093,0.7286204
5509,-2.0592577,0.75460446
5510,-1.6774316,0.68435717
5511,-2.5634356,0.51474273
5512,-1.668649,1.0094732
5513,-2.5249054,1.2133964
5514,-2.2225432,0.4304696
5515,-1.583443,0.8840652
5516,-1.551068,0.7526443
5517,-2.371494,0.40136516
5518,-2.4272192,0.890881
5519,-2.3544319,0.82755405
5520,-1.8991189,0.72797394
5521,-1.1974186,0.72027886
5522,-1.72117,0.6881514
5523,-2.484029,0.48666438
5524,-3.0333931,0.4502669
5525,-1.6535033,0.94526094
5526,-1.5234969,0.67604274
5527,-2.869462,1.0650686
5528,-2.7186384,0.48117802
5529,-2.3267958,0.81326693
5530,-3.4844124,0.56658506
5531,-1.1706636,0.80823463
5532,-2.6852834,0.48162645
5533,-2.828541,0.5424637
5534,-1.8484987,0.80146366
5535,-1.4537119,0.82438165
5536,-2.7236183,0.56228256
5537,-2.8270752,0.6158396
5538,-3.0383337,0.47126374
5539,-1.2908995,0.772901
5540,-2.5610175,0.5066377
5541,-0.89296794,0.98424727
5542,-1.1738577,0.7726989
5543,-1.8153229,0.8157483
5544,-0.38511866,0.915939
5545,-2.5468779,0.4137061
5546,-2.123027,0.42110166
5547,-2.5432913,0.9562899
5548,-2.572964,0.49794123
5549,-1.928499,0.8441762
5550,-2.5928402,0.50419015
5551,-2.1933568,0.8485263
5552,-3.265766,0.66534895
5553,-2.0125396,1.0791103
5554,-2.9918253,0.5355058
5555,-1.7225832,0.93469566
5556,-2.0706077,0.37325472
5557,-1.1109974,0.80442107
5558,-3.3139484,0.48681512
5559,-1.8465607,0.8161177
5560,-0.55103105,0.8095563
5561,-2.3698747,1.023842
5562,-1.1361039,0.9167493
5563,-2.8364398,0.52504
5564,-2.106501,0.81041545
5565,-2.4470131,0.48831025
5566,-2.8128245,0.51323295
5567,-0.6010322,0.9581595
5568,-1.7362782,0.77135336
5569,-0.93180734,0.8187186
5570,-2.4580295,0.48666337
5571,-2.5919085,0.43672478
5572,-0.755651,0.7130427
5573,-2.3078115,0.42537317
5574,-1.8771071,0.8463382
5575,-1.7373459,1.2533418
5576,-2.5742288,0.4949493
5577,-1.7579569,0.88808405
5578,-1.6179624,0.7407054
5579,-2.1528869,0.4078672
5580,-2.4225438,0.9871593
5581,-2.0582876,0.9419355
5582,-1.8797426,0.77870667
5583,-2.598722,0.44657305
5584,-2.4157538,0.39715153
5585,-1.7581055,0.87119913
5586,-1.7513895,0.8813589
5587,-0.6492289,0.9203768
5588,-1.1130716,0.915802
5589,-2.8071408,0.5300327
5590,-2.5810893,0.9656184
5591,-1.9179437,0.43852925
5592,-2.6569505,0.35843724
5593,-0.92153627,0.79793936
5594,-3.0104098,0.68239504
5595,-2.350715,0.42971572
5596,-3.0030084,0.5232841
5597,-3.0946205,0.5476921
5598,-2.0900512,1.0246568
5599,-1.8664927,0.8292941
5600,-2.2129698,0.44318882
5601,-1.7241038,1.2846087
5602,-1.0691848,0.6915739
5603,-2.577208,0.4374507
5604,-3.3057995,0.5909081
5605,-2.5769885,0.50612533
5606,-2.5945454,0.52993095
5607,-1.8321311,0.8165281
5608,-2.3913624,0.8597257
5609,-3.0953326,0.5388609
5610,-2.4383302,0.39821205
5611,-2.0554833,0.40153372
5612,-2.1010036,0.89241004
5613,-1.9560181,0.37609157
5614,-2.5741816,0.46698347
5615,-2.9931002,0.59527594
5616,-2.6890762,0.50009626
5617,-1.8140612,1.0967417
5618,-2.57086,0.49697912
5619,-1.1075525,0.6903767
5620,-2.3747127,1.2546262
5621,-1.9113624,0.9358076
5622,-2.769384,0.5422479
5623,-2.9905276,0.47563586
5624,-1.9107863,0.40712303
5625,-1.9323932,0.9235399
5626,-3.187908,0.58783025
5627,-1.6974586,0.66659486
5628,-3.0272598,0.5348823
5629,-1.9324989,0.7325737
5630,-2.3175995,0.54996145
5631,-2.3425741,0.32769173
5632,-2.400611,0.4417327
5633,-0.9736173,0.7428745
5634,-3.000699,0.47984907
5635,-0.9853679,0.87654644
5636,-2.9621575,0.51303583
5637,-2.253402,0.42829767
5638,-1.9585727,0.5578947
5639,-2.3708026,0.40476
5640,-2.3336883,0.5405049
5641,-3.2011356,0.5996639
5642,-1.9145939,0.889527
5643,-1.1338764,0.9929077
5644,-2.4941254,1.0631689
5645,-1.7505279,0.88861376
5646,-1.1776652,0.7353559
5647,-2.5078168,0.5600385
5648,-2.2379246,1.5877787
5649,-2.7626865,0.46163967
5650,-2.952606,0.5345002
5651,-1.6620559,0.7393498
5652,-2.929474,0.47776374
5653,-1.4373524,0.89582354
5654,-2.211459,0.40894294
5655,-1.4621189,1.2422248
5656,-0.79502887,0.7252316
5657,1.8153348,4.87727
5658,-3.5463529,0.65026104
5659,-1.9020482,0.7726552
5660,-2.2325783,0.7927425
5661,-1.769402,0.8209669
5662,-2.1910932,0.8721941
5663,-2.3936725,0.4539017
5664,-3.0271823,0.7034009
5665,-1.2632941,0.9131827
5666,-3.0305142,1.1727688
5667,-2.9378855,0.7621905
5668,-3.040798,0.54429543
5669,-2.7377264,1.1055275
5670,-2.9464622,0.825572
5671,-2.0054376,0.45054975
5672,-1.3930701,0.68482316
5673,-1.7429086,0.7276283
5674,-1.8626146,0.75692797
5675,-1.332085,1.0754904
5676,-1.5466172,0.8528033
5677,-2.3272345,0.800779
5678,-0.8716678,0.7407764
5679,-1.2747134,0.73442984
5680,-2.4047687,0.32897672
5681,-1.8754914,0.3422636
5682,-1.4022391,0.93623805
5683,-2.2912085,0.36157596
5684,-0.95933884,0.8638611
5685,-1.707284,0.8409042
5686,-1.7837715,0.96773607
5687,-3.1102567,0.81675845
5688,-2.2230773,0.46099824
5689,-1.5301708,0.9312491
5690,-0.6976272,0.8017621
5691,-2.8183045,0.46034297
5692,-2.588297,0.45329085
5693,-2.8906646,0.6380742
5694,-2.2191925,1.057953
5695,-1.8522284,0.97093093
5696,-2.8774133,0.47174123
5697,-1.9910483,0.77076983
5698,-1.1284274,0.7114802
5699,-1.5635306,0.9740583
5700,-2.480518,0.47174346
5701,-2.6548595,0.502174
5702,-1.4757545,0.799478
5703,-2.0945475,1.0075791
5704,-2.1778502,0.40657827
5705,-2.602214,0.46796957
5706,-1.7638818,1.079249
5707,-3.221297,0.5526947
5708,-2.5270936,0.6025766
5709,-2.3208323,0.42582315
5710,-2.7612064,0.47952083
5711,-2.616079,0.45551047
5712,-2.2972953,0.8864153
5713,-1.6649803,0.82883364
5714,-2.81889,0.83185774
5715,-2.3509507,0.4549591
5716,-1.3142877,0.82631797
5717,-2.0805798,0.71132475
5718,-2.793933,0.5299675
5719,-3.0084906,0.50817573
5720,-2.7008364,0.4773063
5721,-2.1934571,0.4614938
5722,-2.7858288,0.45018253
5723,-1.5947719,0.8034143
5724,-2.8419955,0.42671615
5725,-2.8713386,0.41936716
5726,-1.9035054,0.76044387
5727,-2.4609895,0.5812095
5728,-2.7288957,0.4403002
5729,-0.8887677,0.9559801
5730,-3.0778904,1.0173678
5731,-1.3878647,0.8116512
5732,-2.3768349,0.76249135
5733,-1.6266954,0.71809375
5734,-1.7821794,0.829602
5735,-2.1837964,1.0587946
5736,-2.3089445,0.38612986
5737,-1.6213667,0.9074633
5738,-1.9497594,0.7191578
5739,-1.7076935,0.75954837
5740,-0.9051991,0.9616349
5741,-2.1164148,0.46086925
5742,-1.9479679,0.9250145
5743,-2.628781,0.50391
5744,-2.3639863,0.44422853
5745,-1.7932564,0.995708
5746,-0.94534034,1.27275
5747,-1.1786873,1.2109996
5748,-2.5415106,0.4630059
5749,-2.6490064,0.46657756
5750,-0.8003968,0.9934501
5751,-3.0737207,0.57378685
5752,-3.0164523,0.38446847
5753,-3.2680402,0.5851335
5754,-2.0452402,0.80224496
5755,-1.8314369,0.9479724
5756,-0.6461061,0.9060265
5757,-2.373899,0.7454981
5758,-2.565854,0.43116105
5759,-2.122293,0.53181064
5760,-1.8156633,0.96299005
5761,-2.8950257,0.38580784
5762,-1.0408468,0.71965605
5763,-2.507015,0.49565494
5764,-1.808435,0.7593032
5765,-2.296963,0.4410387
5766,-2.8043258,0.45758814
5767,-2.7692215,0.53742325
5768,-3.2914767,0.4438943
5769,-1.7236257,1.1841875
5770,-2.0330458,0.4438646
5771,-1.541457,1.2159803
5772,-1.4789739,0.8629568
5773,-2.1034112,0.9144061
5774,-1.4444536,0.8323683
5775,-0.6133591,0.73577446
5776,-1.1420859,0.6796372
5777,-3.4179978,0.5012491
5778,-1.4169925,0.84253246
5779,-2.507915,0.40799823
5780,-2.4726768,0.9034499
5781,-2.4283721,0.5787674
5782,-3.1065671,0.5378306
5783,-2.7650259,0.63525134
5784,-2.3825874,0.41442975
5785,-2.869142,0.40921354
5786,-3.0076094,1.2319398
5787,-0.63663423,0.8701825
5788,-1.4425855,0.8141823
5789,-1.8857629,0.8264563
5790,-0.9595947,0.7786888
5791,-2.926665,0.5171465
5792,-1.7861823,0.91984993
5793,-1.8017577,0.70516646
5794,-3.049506,0.4645032
5795,-1.8835329,0.95823705
5796,-2.9443357,0.4402333
5797,-1.5476022,1.5217264
5798,-2.280402,0.4677297
5799,-2.8933105,0.48028418
5800,-2.6551168,0.43125212
5801,-2.3672867,0.5134143
5802,-1.5623573,0.7241838
5803,-2.4553993,0.38492584
5804,-1.4656456,1.2162241
5805,-1.1023713,0.90174323
5806,-2.037603,0.8169462
5807,-1.2663704,1.0370016
5808,-2.4711072,0.91734725
5809,-3.0456612,0.5387207
5810,-2.3659222,0.84841645
5811,-1.8008847,0.7210985
5812,-1.2193812,1.2915691
5813,-1.5025691,0.90298605
5814,-3.1340775,0.5704178
5815,-2.8916757,1.2174745
5816,-1.3932941,0.7773398
5817,-2.5739095,0.5472233
5818,-1.502119,0.8491964
5819,-1.7130414,1.0029684
5820,-1.7131985,0.75394243
5821,-0.9469673,0.77493095
5822,-1.8355697,0.97642577
5823,-1.9937329,0.8947616
5824,-2.2631757,0.5900891
5825,-2.5340166,0.44024327
5826,-2.7585874,0.47387242
5827,-2.0714216,0.983245
5828,-1.212021,1.3401316
5829,-2.9179084,0.48746327
5830,-2.9708786,0.46945503
5831,-1.2810086,0.8522348
5832,-2.7182126,0.86565197
5833,-1.6864852,0.9579783
5834,-1.8326197,0.9282298
5835,-2.95965,0.49771324
5836,-1.1221397,0.83612347
5837,-1.3127873,1.1631771
5838,-1.5876837,1.2430582
5839,-1.2575394,0.88945687
5840,-1.8748765,0.9528648
5841,-0.6686158,0.63703597
5842,-2.2258673,0.8928409
5843,-1.8411487,0.7889098
5844,-2.236779,0.4269723
5845,-0.8795226,0.6731717
5846,-2.1911962,1.0867903
5847,-2.6088047,0.45010397
5848,-1.7283176,0.77595794
5849,-1.1241553,0.7831352
5850,-2.7537136,0.4336444
5851,-1.2055902,0.67065436
5852,-1.8698157,0.7461491
5853,-0.57883894,0.977392
5854,-1.6715726,0.96460754
5855,-2.9641778,0.5600569
5856,-1.5403061,0.98334044
5857,-1.9755237,0.7727536
5858,-2.1671386,0.3603404
5859,-1.3585501,0.7968642
5860,-1.181642,0.7027792
5861,-2.62427,0.5171023
5862,-1.0573769,1.3967873
5863,-2.9062064,0.525993
5864,-2.7342806,0.49558714
5865,-1.2822938,0.71883196
5866,-1.3783426,0.77062684
5867,-0.9672374,0.6936327
5868,-2.944096,0.5022068
5869,-3.0048356,0.48570046
5870,-2.3627176,0.9659706
5871,-1.7562107,0.69760966
5872,-1.4263372,1.1217595
5873,-1.8022326,0.85574853
5874,-1.5584373,0.9363686
5875,-1.1860968,1.0042454
5876,-1.5328299,0.79400367
5877,-2.2684777,0.9771689
5878,-1.6811798,0.965803
5879,-1.0609325,0.85897315
5880,-2.357697,0.42820257
5881,-2.057725,1.0574974
5882,-0.8005363,0.7321993
5883,-1.4129444,0.9016987
5884,-1.7697177,0.75406003
5885,-1.8000308,0.8859894
5886,-2.9288828,0.6370762
5887,-0.56286454,0.82811576
5888,-1.2151352,0.73214024
5889,-0.90937907,0.7791874
5890,-1.1016923,0.8080006
5891,-1.6266305,0.7837016
5892,-3.028185,0.5051792
5893,-1.1998682,0.93302023
5894,-1.6602367,0.85959816
5895,-2.0631564,0.77802354
5896,-1.2838346,0.72660565
5897,-2.746679,0.43289173
5898,-2.6278803,0.4151363
5899,-3.3919964,0.591423
5900,-0.7497439,0.9358807
5901,-3.0888488,0.58707106
5902,-2.0014994,1.050157
5903,-1.9014773,1.1920437
5904,-2.7550225,0.49348187
5905,-2.918032,0.46814018
5906,-3.0535874,0.6333651
5907,-1.8491315,0.63839793
5908,-3.1948645,0.6573603
5909,-2.626962,0.36258376
5910,-1.4659393,0.8867314
5911,-1.3675734,0.7849772
5912,-2.1005907,0.40657607
5913,-1.9649909,1.3263469
5914,-1.7340112,1.27797
5915,-1.3200946,0.83585674
5916,-1.5152837,0.9937903
5917,-2.6172094,0.38942897
5918,-1.5593797,0.86784446
5919,-2.001226,1.0838821
5920,-2.704104,0.48934513
5921,-1.5595435,0.8471995
5922,-1.3344853,0.7854203
5923,-2.9130921,0.47175646
5924,-3.5628781,0.59071904
5925,-1.2396218,0.98676026
5926,-3.0992744,0.5705336
5927,-2.3824058,0.7984107
5928,-2.486486,0.48724714
5929,-1.2465785,0.9325895
5930,-2.4568973,0.49419448
5931,-1.2735207,1.0681531
5932,-1.8695699,0.86333853
5933,-1.9320663,0.88911027
5934,-0.66276884,0.9735305
5935,-2.1850152,0.36269847
5936,-2.3224554,0.5186161
5937,-2.0278556,0.45408243
5938,-1.9787701,0.369932
5939,-2.4168649,1.4827322
5940,-1.9868762,1.4562619
5941,-2.4319634,0.45305198
5942,-2.2882314,0.44288886
5943,-1.5614766,0.7962358
5944,-2.1004798,0.8549971
5945,-1.6241963,0.82282263
5946,-2.300152,0.43065822
5947,-2.0503674,1.2240595
5948,-3.0678723,0.60784674
5949,-2.1918433,0.8797443
5950,-1.7568876,0.8337306
5951,-2.4446664,0.5533245
5952,-2.438831,0.4380661
5953,-1.2507874,0.8089152
5954,-2.0979,1.0044391
5955,-1.3475521,0.86759996
5956,-2.5479102,0.39426595
5957,-1.3126224,1.3458757
5958,-2.770375,0.5100927
5959,-2.6937308,0.4356941
5960,-2.8784585,0.42812458
5961,-0.5167488,0.69872516
5962,-2.3041706,0.7502306
5963,-1.8696066,1.1858495
5964,-1.3702658,0.7640348
5965,-1.3499871,0.9913391
5966,-2.8249216,0.48211652
5967,-2.821478,0.4471717
5968,-2.0832827,0.90680784
5969,-2.76867,0.5183624
5970,-1.1355852,1.0126858
5971,-2.2554293,0.56908154
5972,-3.1077268,0.4982475
5973,-1.5629411,0.68573755
5974,-0.84471756,1.091304
5975,-0.9784134,0.8036298
5976,-2.7079883,0.4392626
5977,-2.6256812,0.51481044
5978,-2.5830936,0.9745819
5979,-1.1345456,0.85325617
5980,-2.5767066,0.4787003
5981,-2.5220697,0.78805244
5982,-2.9518821,0.42110637
5983,-3.0170639,0.61607563
5984,-1.2986629,1.0422637
5985,-1.2322329,0.8131475
5986,-1.6451933,0.9426755
5987,-2.4067001,1.1918628
5988,-0.95074046,0.7589078
5989,-2.7555716,0.45642608
5990,-2.116949,0.5402306
5991,-2.78107,0.5173482
5992,-2.3552804,0.46077707
5993,-1.642764,0.8925311
5994,-1.7673416,0.6459287
5995,-2.1557665,1.4695174
5996,-2.5863051,0.4485138
5997,-1.6642493,0.7291343
5998,-2.5863829,0.6481881
5999,-2.704411,0.50149524
6000,-2.9753168,0.6566811
6001,-2.6676552,0.56697154
6002,-3.0189185,0.45939285
6003,-2.3982344,0.4621252
6004,-2.5341988,0.47325158
6005,-3.6641104,0.72844607
6006,-2.7962217,0.4857789
6007,-2.15973,0.73775816
6008,-2.5124369,0.5132222
6009,-2.8422832,0.48920155
6010,-1.6568327,0.8008087
6011,-2.2439964,0.51796955
6012,-2.719716,0.9763714
6013,-1.6361327,0.9163587
6014,-2.2327874,0.82721996
6015,-1.2956862,0.7800847
6016,-1.3359216,0.7676202
6017,-2.518283,0.5212359
6018,-2.5758853,0.95834786
6019,-2.300306,0.42819142
6020,-2.4987266,0.39544192
6021,-2.3315988,0.44978613
6022,-2.5320008,0.5088807
6023,-3.2957106,0.84194434
6024,-1.245435,0.8086416
6025,-2.0023267,1.2490698
6026,-1.099739,0.7524533
6027,-2.031563,0.9831559
6028,-0.6425029,0.91420126
6029,-0.63080317,0.8135034
6030,-2.3940346,1.3833405
6031,-2.2356513,1.087298
6032,-2.8218298,1.1497071
6033,-2.6569965,0.50946504
6034,-2.663814,0.49040782
6035,-1.4611545,0.9571425
6036,-1.7262986,1.1518708
6037,-2.9146478,0.6079946
6038,-3.0602546,0.561109
6039,-1.9470117,0.397037
6040,-1.0396473,0.83276373
6041,-2.8391645,0.44329914
6042,-2.6356475,0.92157125
6043,-1.5990297,0.84644306
6044,-1.4709458,0.72661054
6045,-2.52836,0.57100034
6046,-1.7051986,0.45955807
6047,-2.1969306,0.45181882
6048,-1.2114911,0.7582068
6049,-0.6464408,0.84644145
6050,-2.460529,0.9645785
6051,-1.3661063,0.8061807
6052,-0.73139006,0.7257438
6053,-1.3297474,0.9421672
6054,-2.210534,0.36174878
6055,-1.2027723,0.76309204
6056,-1.1881881,1.0203826
6057,-1.6077774,1.1345823
6058,-3.1353748,1.5109789
6059,-2.0688303,0.81956065
6060,-2.5923953,0.4444896
6061,-0.8623737,0.69922346
6062,-2.1696002,0.73532456
6063,-1.3170652,0.8751815
6064,-3.1970913,1.0506475
6065,-1.4032594,0.87268925
6066,-1.8042526,1.0053431
6067,-1.7782861,0.76722896
6068,-2.2832687,0.46517107
6069,-1.6459877,0.8032859
6070,-2.128798,0.82127035
6071,-1.5616647,0.8896087
6072,-1.2015852,0.81830156
6073,-2.825327,0.48443878
6074,-1.2582246,0.9589969
6075,-1.7475777,0.9336507
6076,-2.0924835,0.8611431
6077,-2.7812078,0.4627635
6078,-1.5175442,0.8295634
6079,-2.4752135,0.7638784
6080,-2.4000173,0.39041272
6081,-1.1551696,0.77173996
6082,-2.7169025,0.54972327
6083,-2.71476,0.44800392
6084,-3.008983,0.57587266
6085,-1.9440335,0.9846497
6086,-2.046336,1.0598288
6087,-1.8311033,0.8979932
6088,-2.2185721,0.39036632
6089,-2.7066963,0.50857395
6090,-2.7186368,0.5985541
6091,-2.1804256,0.79663676
6092,-2.0144382,0.79408747
6093,-2.1230102,0.8373526
6094,-3.268834,0.5242676
6095,-3.3735623,0.53228253
6096,-1.5928286,1.1813755
6097,-2.4137523,0.9190033
6098,-2.3260994,0.44041675
6099,-1.8319724,0.8691169
6100,-2.1031764,0.43934444
6101,-1.1733185,1.211502
6102,-1.3334594,0.77964634
6103,-2.7839956,0.5893133
6104,-1.7118317,0.80547416
6105,-2.1333337,0.51889664
6106,-2.8999953,0.4719208
6107,-1.6392963,0.7617032
6108,-1.8287834,0.73768294
6109,-2.2584028,0.54973537
6110,-3.6950717,0.6378142
6111,-2.521585,0.5184943
6112,-2.769907,0.5149429
6113,-3.2582278,0.4868805
6114,-2.7089782,0.4695642
6115,-1.4036468,0.92462236
6116,-1.9344227,0.54945225
6117,-1.3604405,0.9459412
6118,-2.6682932,0.80609524
6119,-2.6386294,0.43306136
6120,-1.1407466,0.7172
6121,-1.9396893,0.76728535
6122,-2.0369692,1.2023185
6123,-1.6899257,1.5336136
6124,-1.9363813,0.40462363
6125,-2.740795,0.4644235
6126,-1.8808511,1.0534459
6127,-1.6469382,1.0061774
6128,-0.8540301,0.77435535
6129,-2.4344776,0.3664068
6130,-2.2950528,0.40131316
6131,-2.281449,0.89687586
6132,-2.3529801,1.2635908
6133,-2.738526,0.49341676
6134,-2.2367013,0.97896624
6135,-1.1109093,0.75401926
6136,-2.6615984,1.0472453
6137,-1.0747646,0.6450953
6138,-2.191217,2.1855834
6139,-2.1943312,0.46265534
6140,-2.5953612,0.3763005
6141,-3.4031458,1.9419699
6142,-2.2898045,0.34812623
6143,-2.419288,0.4396171
